2020-05-13 19:01:02.445515-0700 GyroCalibration[274:7171] [Gyro] Manually set gyro-interrupt-calibration to 200
0.0982780456542969
0.0990760326385498
0.099810004234314
0.09819495677948
0.0994390249252319
0.0998989343643188
0.0988930463790894
0.0993020534515381
0.0993819236755371
0.0986939668655396
0.0993000268936157
0.0991170406341553
0.0991219282150269
0.0982000827789307
0.0985869169235229
0.0995110273361206
0.0994670391082764
0.100322008132935
0.09961998462677
0.0980429649353027
0.0986599922180176
0.10151207447052
0.0973349809646606
0.0980260372161865
0.0988149642944336
0.0995489358901978
0.0991179943084717
0.100260019302368
0.0988659858703613
0.0992000102996826
0.0991979837417603
0.099108099937439
0.0990079641342163
0.0982110500335693
0.0987199544906616
0.0995409488677979
0.100492000579834
0.0989199876785278
0.0982600450515747
0.0998649597167969
0.0991640090942383
0.0991530418395996
0.0992169380187988
0.0984300374984741
0.0983340740203857
0.100100994110107
0.0990068912506104
0.0996700525283813
0.0992530584335327
0.0989749431610107
0.099200963973999
0.0991259813308716
0.0991370677947998
0.0985299348831177
0.0989130735397339
0.0984889268875122
0.0994890928268433
0.0994219779968262
0.0998159646987915
0.101094961166382
0.0968300104141235
0.0995780229568481
0.0991560220718384
0.0998439788818359
0.097053050994873
0.0991669893264771
0.099714994430542
0.0996789932250977
0.0993609428405762
0.0989741086959839
0.0992549657821655
0.0991549491882324
0.0987430810928345
0.0988229513168335
0.0984419584274292
0.0993920564651489
0.0995329618453979
0.0996490716934204
0.0993438959121704
0.0992560386657715
0.0990020036697388
0.0997869968414307
0.098438024520874
0.104189991950989
0.0927070379257202
0.0993639230728149
0.0995150804519653
0.0997229814529419
0.0991629362106323
0.0992820262908936
0.0991619825363159
0.0991979837417603
0.0990310907363892
0.114416003227234
0.0831539630889893
0.0990040302276611
0.10003399848938
0.0988889932632446
0.0991029739379883
0.0993269681930542
0.0992320775985718
0.0990599393844604
0.0993599891662598
0.0990179777145386
0.0974200963973999
0.0988509654998779
0.0995639562606812
0.0997589826583862
0.0998220443725586
0.0990719795227051
0.0993130207061768
0.0991350412368774
0.0991919040679932
0.0991710424423218
0.0985050201416016
0.0982060432434082
0.0993969440460205
0.100268006324768
0.0989320278167725
0.0993349552154541
0.0991339683532715
0.0990800857543945
0.099141001701355
0.0991050004959106
0.0982719659805298
0.098546028137207
0.0994389057159424
0.0995560884475708
0.0997109413146973
0.0991760492324829
0.0992569923400879
0.0991740226745605
0.0991870164871216
0.098997950553894
0.0988270044326782
0.0980639457702637
0.0998409986495972
0.0996739864349365
0.0991040468215942
0.0990840196609497
0.0987190008163452
0.0987989902496338
0.0993640422821045
0.0996350049972534
0.0982199907302856
0.0987639427185059
0.0994089841842651
0.0995450019836426
0.0997140407562256
0.0991590023040771
0.099355936050415
0.0990190505981445
0.0989580154418945
0.0991669893264771
0.0981329679489136
0.0986779928207397
0.0991380214691162
0.100028991699219
0.0995930433273315
0.0987679958343506
0.0996710062026978
0.0990070104598999
0.0991439819335938
0.099094033241272
0.0979609489440918
0.0990370512008667
0.0991859436035156
0.0994470119476318
0.100043058395386
0.0991818904876709
0.100513100624084
0.0977139472961426
0.0991250276565552
0.0991690158843994
0.0989819765090942
0.0983959436416626
0.0987679958343506
0.0992209911346436
0.100219011306763
0.0990830659866333
0.0992029905319214
0.0991020202636719
0.099261999130249
0.0989589691162109
0.0990760326385498
0.098038911819458
0.0991060733795166
0.0996099710464478
0.0999410152435303
0.0991809368133545
0.0990110635757446
0.0990810394287109
0.100944995880127
0.0975769758224487
0.103701949119568
0.0930190086364746
0.0991860628128052
0.0992889404296875
0.100260019302368
0.0990890264511108
0.0990939140319824
0.0992751121520996
0.0990129709243774
