2020-05-13 19:02:35.139203-0700 GyroCalibration[281:8239] [Gyro] Manually set gyro-interrupt-calibration to 200
0.0985740423202515
0.0994149446487427
0.0996119976043701
0.0994809865951538
0.0991439819335938
0.0982249975204468
0.098655104637146
0.0989499092102051
0.0994369983673096
0.0990170240402222
0.0995939970016479
0.0988240242004395
0.0991280078887939
0.0988129377365112
0.0999240875244141
0.100152015686035
0.0972979068756104
0.0993080139160156
0.0992740392684937
0.100373029708862
0.0996599197387695
0.0986050367355347
0.0992540121078491
0.0990959405899048
0.0987660884857178
0.0995060205459595
0.0983330011367798
0.0983579158782959
0.0992610454559326
0.100137948989868
0.0987709760665894
0.0996479988098145
0.0993970632553101
0.0989429950714111
0.0984560251235962
0.0986999273300171
0.0991710424423218
0.0987999439239502
0.100364089012146
0.0987639427185059
0.099621057510376
0.0987470149993896
0.0986109972000122
0.103120923042297
0.0966349840164185
0.0972790718078613
0.0993950366973877
0.0989449024200439
0.0990380048751831
0.0994170904159546
0.0995399951934814
0.099187970161438
0.0989370346069336
0.0993679761886597
0.0989609956741333
0.100062966346741
0.102818965911865
0.0939840078353882
0.099236011505127
0.0997090339660645
0.0998139381408691
0.0991230010986328
0.0990650653839111
0.0996359586715698
0.0989930629730225
0.0985919237136841
0.100591063499451
0.0966389179229736
0.0991671085357666
0.0998309850692749
0.0991349220275879
0.0991860628128052
0.0991599559783936
0.0998259782791138
0.0991300344467163
0.099668025970459
0.107887983322144
0.0886650085449219
0.0992679595947266
0.0989210605621338
0.0990549325942993
0.0990020036697388
0.0996960401535034
0.0992280244827271
0.100778937339783
0.0981490612030029
0.11608898639679
0.0811740159988403
0.0988060235977173
0.0993499755859375
0.100201010704041
0.0991429090499878
0.0991491079330444
0.0992269515991211
0.0992039442062378
0.099045991897583
0.10113000869751
0.0959340333938599
0.0989810228347778
0.0993900299072266
0.099402904510498
0.099898099899292
0.0985080003738403
0.099916934967041
0.0987679958343506
0.0995340347290039
0.0982359647750854
0.0983270406723022
0.0999929904937744
0.0997070074081421
0.0986590385437012
0.0991859436035156
0.0990769863128662
0.0997470617294312
0.0988119840621948
0.0994110107421875
0.0992130041122437
0.09757399559021
0.0990879535675049
0.099308967590332
0.0993959903717041
0.0996320247650146
0.099058985710144
0.100023984909058
0.0990500450134277
0.0990569591522217
0.0979681015014648
0.0986759662628174
0.0992109775543213
0.0992480516433716
0.099700927734375
0.0995370149612427
0.099416971206665
0.0994830131530762
0.099358081817627
0.0987659692764282
0.0990710258483887
0.0984219312667847
0.0982750654220581
0.0990049839019775
0.0994329452514648
0.0998510122299194
0.0991760492324829
0.0996689796447754
0.0986319780349731
0.0996329784393311
0.0992549657821655
0.0983641147613525
0.098376989364624
0.0994549989700317
0.0995548963546753
0.0992040634155273
0.0996910333633423
0.0991690158843994
0.0991319417953491
0.0990960597991943
0.0987108945846558
0.0988970994949341
0.0984050035476685
0.0994949340820312
0.0995340347290039
0.0997430086135864
0.0991250276565552
0.0985358953475952
0.0995680093765259
0.0989689826965332
0.0994000434875488
0.0990869998931885
0.0980210304260254
0.0991259813308716
0.099668025970459
0.0998150110244751
0.099092960357666
0.0993789434432983
0.0992430448532104
0.0989760160446167
0.0991330146789551
0.099032998085022
0.0975799560546875
0.0993649959564209
0.099835991859436
0.0988690853118896
0.100167989730835
0.0989170074462891
0.0991889238357544
0.0990390777587891
0.0991789102554321
0.0990850925445557
0.0977009534835815
0.0993109941482544
0.100352048873901
0.0990779399871826
0.0995169878005981
0.0988190174102783
0.0992649793624878
0.098924994468689
0.0992879867553711
0.106342077255249
0.0903760194778442
0.099236011505127
0.0993249416351318
0.0997810363769531
0.0990790128707886
0.0987468957901001
0.0999170541763306
0.0978679656982422
0.0987530946731567
0.106460928916931
