2020-05-13 19:00:13.078131-0700 GyroCalibration[271:6642] [Gyro] Manually set gyro-interrupt-calibration to 200
0.10049307346344
0.0976059436798096
0.0990430116653442
0.0991929769515991
0.0983999967575073
0.0991959571838379
0.0987300872802734
0.0988719463348389
0.0992059707641602
0.0993150472640991
0.100173950195312
0.0991100072860718
0.099141001701355
0.0992550849914551
0.0989459753036499
0.099524974822998
0.0987390279769897
0.0979329347610474
0.0997960567474365
0.0996990203857422
0.0992259979248047
0.0993469953536987
0.0990979671478271
0.0985419750213623
0.099824070930481
0.0988749265670776
0.108419060707092
0.088312029838562
0.0994240045547485
0.0992059707641602
0.100085973739624
0.0992629528045654
0.0993670225143433
0.0997359752655029
0.0978720188140869
0.0991179943084717
0.117578029632568
0.0796749591827393
0.0993490219116211
0.100453019142151
0.0990190505981445
0.0991779565811157
0.0992250442504883
0.0993529558181763
0.0988949537277222
0.0992980003356934
0.0986040830612183
0.0982249975204468
0.0992249250411987
0.099263072013855
0.100015997886658
0.0991309881210327
0.0993889570236206
0.0990550518035889
0.0991939306259155
0.0988690853118896
0.0988819599151611
0.0986080169677734
0.0988090038299561
0.0993349552154541
0.0994499921798706
0.0993610620498657
0.0995159149169922
0.0991179943084717
0.0987420082092285
0.0998671054840088
0.0990729331970215
0.0982300043106079
0.0985000133514404
0.0994360446929932
0.0994518995285034
0.0998110771179199
0.0991100072860718
0.0991590023040771
0.0994079113006592
0.0986430644989014
0.0996550321578979
0.0974599123001099
0.0992220640182495
0.0994399785995483
0.0996849536895752
0.0995850563049316
0.0991219282150269
0.0992211103439331
0.0991209745407104
0.098673939704895
0.0994950532913208
0.098552942276001
0.0983830690383911
0.0994449853897095
0.0990999937057495
0.100126028060913
0.0991579294204712
0.0990769863128662
0.099155068397522
0.0991660356521606
0.0985989570617676
0.0990369319915771
0.098473072052002
0.0991929769515991
0.099666953086853
0.0998200178146362
0.0987540483474731
0.0997639894485474
0.098904013633728
0.0990539789199829
0.0991820096969604
0.0990439653396606
0.0979850292205811
0.0991729497909546
0.0992190837860107
0.0995579957962036
0.0998539924621582
0.099045991897583
0.0991790294647217
0.0980279445648193
0.0993950366973877
0.0988099575042725
0.0989400148391724
0.0994689464569092
0.0994350910186768
0.0997689962387085
0.0985080003738403
0.09949791431427
0.0989871025085449
0.0994709730148315
0.0981110334396362
0.0984458923339844
0.0995070934295654
0.0995450019836426
0.0994089841842651
0.0999050140380859
0.0990619659423828
0.0991150140762329
0.0991740226745605
0.101166009902954
0.0972309112548828
0.10700798034668
0.0896220207214355
0.0992879867553711
0.0998950004577637
0.0991940498352051
0.0998139381408691
0.0989210605621338
0.0998430252075195
0.0986319780349731
0.0991040468215942
0.110018968582153
0.0871889591217041
0.0995090007781982
0.0984079837799072
0.0997470617294312
0.099713921546936
0.0997790098190308
0.0986009836196899
0.0992790460586548
0.0991660356521606
0.0993069410324097
0.0978180170059204
0.0988800525665283
0.0993310213088989
0.0993189811706543
0.100512981414795
0.0983989238739014
0.0992070436477661
0.0992720127105713
0.0991009473800659
0.0992259979248047
0.0979970693588257
0.098749041557312
0.0993999242782593
0.100152015686035
0.0990780591964722
0.099126935005188
0.0993560552597046
0.098580002784729
0.0995509624481201
0.099295973777771
0.0975500345230103
0.0990769863128662
0.0999490022659302
0.099586009979248
0.0993800163269043
0.0990149974822998
0.0993000268936157
0.0991389751434326
0.0991359949111938
0.0991339683532715
0.0978109836578369
0.0997689962387085
0.0996570587158203
0.0990840196609497
0.0991309881210327
0.0990829467773438
0.0988000631332397
0.0998069047927856
0.0989370346069336
0.0992109775543213
0.0986130237579346
0.0979130268096924
0.10001802444458
0.0998419523239136
0.0990140438079834
0.099174976348877
0.0992749929428101
0.0991909503936768
0.0993450880050659
0.0988539457321167
0.0981160402297974
0.0987619161605835
0.0994240045547485
0.0993860960006714
