2020-05-13 19:01:50.740302-0700 GyroCalibration[277:7686] [Gyro] Manually set gyro-interrupt-calibration to 200
0.0976409912109375
0.0993999242782593
0.0997639894485474
0.0987070798873901
0.0994009971618652
0.099200963973999
0.101680040359497
0.0952190160751343
0.101388931274414
0.0970910787582397
0.0995649099349976
0.0986599922180176
0.0992940664291382
0.0988680124282837
0.0995099544525146
0.0989910364151001
0.0988969802856445
0.0994030237197876
0.100294947624207
0.0975600481033325
0.099329948425293
0.0991280078887939
0.0996110439300537
0.0990399122238159
0.100106000900269
0.0987030267715454
0.0997270345687866
0.0991590023040771
0.0984469652175903
0.0990840196609497
0.0980900526046753
0.0993080139160156
0.0991159677505493
0.0998039245605469
0.0987430810928345
0.0995529890060425
0.100590944290161
0.0983560085296631
0.0987410545349121
0.0995739698410034
0.0978599786758423
0.0989999771118164
0.0992280244827271
0.0993239879608154
0.100437998771667
0.0994690656661987
0.098781943321228
0.0992159843444824
0.098939061164856
0.0992989540100098
0.099045991897583
0.097586989402771
0.099229097366333
0.0992898941040039
0.100732088088989
0.0986529588699341
0.0990920066833496
0.09922194480896
0.0991311073303223
0.099126935005188
0.0990380048751831
0.0978230237960815
0.0992079973220825
0.100196003913879
0.0993900299072266
0.0990139245986938
0.099384069442749
0.0990859270095825
0.0992350578308105
0.099174976348877
0.100957989692688
0.0957000255584717
0.0997990369796753
0.0990689992904663
0.0999399423599243
0.0990049839019775
0.0992580652236938
0.0991039276123047
0.0988830327987671
0.0994420051574707
0.109398007392883
0.0881379842758179
0.0985610485076904
0.099702000617981
0.099700927734375
0.0991600751876831
0.0999909639358521
0.0983599424362183
0.0988000631332397
0.0995069742202759
0.114706039428711
0.0819069147109985
0.0991950035095215
0.0992650985717773
0.0999699831008911
0.0990889072418213
0.0993350744247437
0.0996329784393311
0.0990829467773438
0.0991630554199219
0.0990760326385498
0.0976059436798096
0.0990910530090332
0.0995299816131592
0.0995069742202759
0.0999940633773804
0.0987839698791504
0.0996379852294922
0.0991309881210327
0.0989609956741333
0.0991480350494385
0.0973119735717773
0.0994759798049927
0.0993239879608154
0.0995180606842041
0.0998209714889526
0.0992200374603271
0.0985419750213623
0.0998189449310303
0.0992140769958496
0.0977429151535034
0.0991150140762329
0.099181056022644
0.0992029905319214
0.0992989540100098
0.0988070964813232
0.099640965461731
0.0991959571838379
0.109001994132996
0.0901299715042114
0.0984920263290405
0.0987120866775513
0.0985959768295288
0.0994459390640259
0.0994460582733154
0.0998809337615967
0.099058985710144
0.0993530750274658
0.0991100072860718
0.0992499589920044
0.0984300374984741
0.0985889434814453
0.0988060235977173
0.0994420051574707
0.100052952766418
0.0992060899734497
0.100479006767273
0.0967710018157959
0.0995019674301147
0.0997710227966309
0.099126935005188
0.0988399982452393
0.0980420112609863
0.0995099544525146
0.0994460582733154
0.100649952888489
0.0980240106582642
0.0993750095367432
0.0990179777145386
0.099263072013855
0.0991439819335938
0.0984640121459961
0.098412036895752
0.0991899967193604
0.100045919418335
0.0995839834213257
0.0989980697631836
0.0992230176925659
0.0990889072418213
0.0991671085357666
0.0991789102554321
0.0985440015792847
0.0983250141143799
0.100106000900269
0.099478006362915
0.0991250276565552
0.0986069440841675
0.0996969938278198
0.0990430116653442
0.099094033241272
0.0991760492324829
0.100448966026306
0.0971449613571167
0.0985890626907349
0.0996040105819702
0.0998419523239136
0.0991270542144775
0.0997849702835083
0.0979939699172974
0.0995980501174927
0.097917914390564
0.0998280048370361
0.0984749794006348
0.0991261005401611
0.0992859601974487
0.0991530418395996
0.0995349884033203
0.0989009141921997
0.100033044815063
0.098628044128418
0.100019931793213
0.114418029785156
