0.10020899772644
0.100108027458191
0.100878000259399
0.100331902503967
0.100295066833496
0.1005619764328
0.100610971450806
0.100592017173767
0.100419044494629
0.100342988967896
0.100242018699646
0.100199937820435
0.101009011268616
0.100576996803284
0.100247979164124
0.100558996200562
0.100404024124146
0.100244045257568
0.100746989250183
0.100185990333557
0.100383043289185
0.100495934486389
0.100841045379639
0.10014796257019
0.100304961204529
0.100446105003357
0.100940942764282
0.100329041481018
0.100618004798889
0.100376963615417
0.100620031356812
0.100122928619385
0.100445985794067
0.100341081619263
0.100839018821716
0.100273966789246
0.100131034851074
0.100644946098328
0.100630044937134
0.100391983985901
0.100736975669861
0.100103974342346
0.100576996803284
0.100407004356384
0.100299000740051
0.100502014160156
0.10046398639679
0.100751042366028
0.100435972213745
0.100157022476196
0.100641965866089
0.10050904750824
0.100202918052673
0.100520014762878
0.10050904750824
0.100342988967896
0.100512027740479
0.100417971611023
0.100489974021912
0.100529074668884
0.100356936454773
0.100167036056519
0.100675940513611
0.100582003593445
0.100013017654419
0.100404024124146
0.100401043891907
0.100552916526794
0.100880980491638
0.100102066993713
0.100947976112366
0.0999740362167358
0.10030198097229
0.100435972213745
0.101067066192627
0.10009491443634
0.100666046142578
0.100396990776062
0.10042405128479
0.100559949874878
0.100453972816467
0.100615978240967
0.100260019302368
0.100467085838318
0.100429892539978
0.100497007369995
0.100454092025757
0.100346922874451
0.100449085235596
0.100540995597839
0.100411891937256
0.100686073303223
0.100330948829651
0.100419044494629
0.100407004356384
0.100469946861267
0.100472092628479
0.100428938865662
0.100124955177307
0.100352048873901
