0.0885169506072998
0.100006937980652
0.099932074546814
0.101469039916992
0.0993679761886597
0.103992938995361
0.0957350730895996
0.100673913955688
0.100514054298401
0.100036025047302
0.100297927856445
0.0997880697250366
0.0993069410324097
0.100776076316833
0.139909982681274
0.0990430116653442
0.100108981132507
0.100445985794067
0.100139021873474
0.100677013397217
0.0995569229125977
0.100614070892334
0.100755929946899
0.0993920564651489
0.100654006004333
0.0982270240783691
0.0998249053955078
0.100005030632019
0.10041606426239
0.100003957748413
0.100504994392395
0.100541949272156
0.100010991096497
0.0996021032333374
0.100642919540405
0.100319981575012
0.0984690189361572
0.0999690294265747
0.100530982017517
0.100870013237
0.099357008934021
0.100082039833069
0.101315975189209
0.0994969606399536
0.0990099906921387
0.0999170541763306
0.0998589992523193
0.0999720096588135
0.101032972335815
0.100805044174194
0.099761962890625
0.099126935005188
0.100015044212341
0.0998660326004028
0.10118293762207
0.0993050336837769
0.0993200540542603
0.100404977798462
0.100432991981506
0.100806951522827
0.0997840166091919
0.100242018699646
0.100011944770813
0.0994700193405151
0.100674986839294
0.0990689992904663
0.0997340679168701
0.0999479293823242
0.100535988807678
0.100602030754089
0.0997409820556641
0.100669026374817
0.0998820066452026
0.100756049156189
0.0998020172119141
0.10126793384552
0.0972870588302612
0.0999939441680908
0.10016405582428
0.100144982337952
0.100152969360352
0.100059032440186
0.100356936454773
0.100160002708435
0.100870013237
0.0985620021820068
0.100169062614441
0.101035952568054
0.0999569892883301
0.100756049156189
0.0998378992080688
0.0995841026306152
0.100390911102295
0.0999380350112915
0.0995769500732422
0.0994170904159546
0.10001802444458
0.101212978363037
0.0998889207839966
0.100190997123718