0.100151062011719
0.0998239517211914
0.100126028060913
0.0998519659042358
0.0997380018234253
0.100666999816895
0.0992530584335327
0.0998269319534302
0.0998400449752808
0.100147008895874
0.0998189449310303
0.0996600389480591
0.0999870300292969
0.0997799634933472
0.100084066390991
0.0997109413146973
0.0998109579086304
0.0999430418014526
0.099951982498169
0.0997700691223144
0.100008964538574
0.0999430418014526
0.099795937538147
0.0999350547790527
0.100100994110107
0.0998599529266357
0.0996240377426148
0.0998979806900024
0.0999389886856079
0.0999000072479248
0.100034952163696
0.099729061126709
0.0999839305877686
0.0998930931091309
0.0997480154037476
0.0998638868331909
0.0999000072479248
0.0997990369796753
0.0998560190200806
0.0999419689178467
0.100095987319946
0.0997660160064697
0.0998110771179199
0.0998519659042358
0.100183010101318
0.0997859239578247
0.100082039833069
0.099763035774231
0.0998969078063965
0.0998620986938477
0.0997430086135864
0.100129008293152
0.0997999906539917
0.0999819040298462
0.099837064743042
0.100021004676819
0.0999889373779297
0.0996730327606201
0.0998270511627197
0.0998979806900024
0.0999259948730469
0.0998150110244751
0.0999759435653686
0.0999220609664917
0.0997259616851807
0.100142002105713
0.0997819900512695
0.0998010635375977
0.0999629497528076
0.0997669696807861
0.0998899936676025
0.100017070770264
0.0999009609222412
0.0997359752655029
0.100005030632019
0.100044012069702
0.0997029542922974
0.0998580455780029
0.0999319553375244
0.0998040437698364
0.100021004676819
0.0998549461364746
0.0999040603637695
0.0999870300292969
0.0997759103775024
0.0999530553817749
0.0999670028686523
0.0997430086135864
0.0998179912567139
0.100051999092102
0.0998139381408691
0.0998250246047974
0.0998769998550415
0.0999460220336914
0.0999009609222412
0.0998330116271973
0.100092053413391
0.0997219085693359
0.099918007850647
0.0998330116271973
