0.0993479490280151
0.0993690490722656
0.0998250246047974
0.0993329286575317
0.099526047706604
0.0993980169296265
0.0997120141983032
0.0993529558181763
0.0994540452957153
0.0995039939880371
0.0994160175323486
0.0994249582290649
0.0993130207061768
0.0994139909744263
0.0994869470596314
0.0995579957962036
0.0993260145187378
0.0993930101394653
0.0995080471038818
0.099714994430542
0.0990879535675049
0.0995169878005981
0.0993340015411377
0.0994610786437988
0.0990839004516602
0.0996789932250977
0.099465012550354
0.099350094795227
0.0995469093322754
0.0992259979248047
0.0997310876846314
0.0995559692382812
0.0992399454116821
0.0994720458984375
0.0994839668273926
0.0994230508804321
0.099511981010437
0.0994540452957153
0.0989439487457275
0.0995849370956421
0.0997120141983032
0.0993850231170654
0.0995039939880371
0.0994070768356323
0.09949791431427
0.0994399785995483
0.0995450019836426
0.099370002746582
0.0994910001754761
0.0989850759506226
0.0998179912567139
0.0993770360946655
0.0995519161224365
0.0994570255279541
0.0993989706039429
0.0993469953536987
0.0994580984115601
0.0996168851852417
0.0993880033493042
0.0989450216293335
0.100220084190369
0.0994479656219482
0.0993549823760986
0.0993469953536987
0.099200963973999
0.0993950366973877
0.0994670391082764
0.099545955657959
0.0992929935455322
0.0994880199432373
0.100039005279541
0.098924994468689
0.0993560552597046
0.0994219779968262
0.0994929075241089
0.0995650291442871
0.0991259813308716
0.0998250246047974
0.0993109941482544
0.0989869832992554
0.100009083747864
0.0992859601974487
0.0993239879608154
0.0995750427246094
0.0995029211044312
0.099600076675415
0.099058985710144
0.0998870134353638
0.0992310047149658
0.0988929271697998
0.0997990369796753
0.0993210077285767
0.0993679761886597
0.0996220111846924
0.099621057510376
0.099166989326477
0.0994569063186646
0.0994091033935547
0.099639892578125
0.0992680788040161