0.0609560012817383
0.100342988967896
0.103461027145386
0.096316933631897
0.111775040626526
0.0883070230484009
0.0997099876403809
0.100811004638672
0.100234985351562
0.221102952957153
0.0985500812530518
0.101279973983765
0.100040912628174
0.0996780395507812
0.0987579822540283
0.100593090057373
0.100245952606201
0.100482940673828
0.0992610454559326
0.100095987319946
0.100285053253174
0.10046398639679
0.100345015525818
0.0994579792022705
0.0995409488677979
0.100350022315979
0.100085020065308
0.100497961044312
0.100611090660095
0.0998649597167969
0.0999159812927246
0.100034952163696
0.100239992141724
0.0997700691223145
0.0996370315551758
0.0998979806900024
0.100098013877869
0.0998510122299194
0.100059986114502
0.100253939628601
0.0994150638580322
0.101072907447815
0.100075006484985
0.0995160341262817
0.0997799634933472
0.0998680591583252
0.0999159812927246
0.100137948989868
0.100228071212769
0.0998469591140747
0.100530982017517
0.0996510982513428
0.100036978721619
0.0999449491500854
0.0997949838638306
0.100672006607056
0.0999540090560913
0.101253032684326
0.0988709926605225
0.101199984550476
0.100100994110107
0.0994570255279541
0.100571990013123
0.0997960567474365
0.0993729829788208
0.0998259782791138
0.100343942642212
0.100360989570618
0.0999650955200195
0.100497007369995
0.099977970123291
0.100135922431946
0.0997940301895142
0.100478053092957
0.0995519161224365
0.0993540287017822
0.100345969200134
0.100685000419617
0.100045084953308
0.100085973739624
0.100044965744019
0.0998920202255249
0.100314974784851
0.0998070240020752
0.0987800359725952
0.10049295425415
0.101016044616699
0.100018978118896
0.0992439985275269
0.10112202167511
0.100432991981506
0.0997639894485474
0.100631952285767
0.098762035369873
0.0989470481872559
0.100103974342346
0.100494027137756
0.0998849868774414
0.101176023483276
0.100003957748413