0.100459933280945
0.100551009178162
0.100289106369019
0.100683927536011
0.100404977798462
0.100517988204956
0.100414037704468
0.100445032119751
0.100432991981506
0.100489020347595
0.100441932678223
0.100425004959106
0.100341081619263
0.100456953048706
0.100801944732666
0.101033091545105
0.0999410152435303
0.100192904472351
0.100542068481445
0.100736975669861
0.100366950035095
0.100503087043762
0.10048496723175
0.100173950195312
0.100480079650879
0.100422978401184
0.100441932678223
0.100465059280396
0.100358009338379
0.100425004959106
0.100422024726868
0.10049295425415
0.100365042686462
0.100584983825684
0.100152969360352
0.101016044616699
0.100230932235718
0.100540041923523
0.100258946418762
0.100521087646484
0.10063898563385
0.100329995155334
0.100347995758057
0.100435018539429
0.100413918495178
0.100787997245789
0.100212097167969
0.100634932518005
0.10036301612854
0.100280046463013
0.100699901580811
0.100195050239563
0.100453972816467
0.100468039512634
0.100440979003906
0.10102903842926
0.0997710227966309
0.100450992584229
0.100468993186951
0.10049295425415
0.100744009017944
0.100193023681641
0.100469946861267
0.100437998771667
0.10046398639679
0.100432991981506
0.100764989852905
0.10011100769043
0.100550055503845
0.100304007530212
0.10080897808075
0.100232005119324
0.100458025932312
0.100425004959106
0.100221991539001
0.100621938705444
0.100705981254578
0.100237011909485
0.100404024124146
0.100463032722473
0.100664019584656
0.100322961807251
0.100645065307617
0.100151896476746
0.100666999816895
0.100301027297974
0.100921034812927
0.0999950170516968
0.100412964820862
0.100432991981506
0.100672006607056
0.100293040275574
0.100438952445984
0.100461006164551
0.100437998771667
0.100551009178162
0.100482940673828
0.100240111351013
0.100543975830078
0.100381970405579
