0.0994269847869873
0.0999090671539307
0.09922194480896
0.0992180109024048
0.0998680591583252
0.0992199182510376
0.0994410514831543
0.0993499755859375
0.0995090007781982
0.0995169878005981
0.0993189811706543
0.0995680093765259
0.0993760824203491
0.099005937576294
0.099884033203125
0.0993720293045044
0.0993809700012207
0.0995149612426758
0.0993800163269043
0.09955894947052
0.0993320941925049
0.0995359420776367
0.0994260311126709
0.0990300178527832
0.0997710227966309
0.099390983581543
0.0993800163269043
0.0994259119033814
0.0994549989700317
0.0993920564651489
0.0993869304656982
0.0996390581130981
0.0993349552154541
0.0990800857543945
0.0997769832611084
0.0994609594345093
0.0994349718093872
0.0994340181350708
0.0993189811706543
0.0993800163269043
0.0996450185775757
0.0994139909744263
0.0994080305099487
0.0991349220275879
0.0995810031890869
0.099587082862854
0.0994160175323486
0.0995368957519531
0.0994369983673096
0.0993990898132324
0.0994329452514648
0.0994709730148315
0.0994340181350708
0.0992799997329712
0.099586009979248
0.0994600057601929
0.0993989706039429
0.0994690656661987
0.0994329452514648
0.0993020534515381
0.0996209383010864
0.0994260311126709
0.0994950532913208
0.0989139080047607
0.0998719930648804
0.0994610786437988
0.0994739532470703
0.0993449687957764
0.0994280576705933
0.0995440483093262
0.0995639562606812
0.0992519855499268
0.0995450019836426
0.0991560220718384
0.0997840166091919
0.0992310047149658
0.0995919704437256
0.0993239879608154
0.0995680093765259
0.0993009805679321
0.0993950366973877
0.0995140075683594
0.0993779897689819
0.100023031234741
0.0988729000091553
0.0994020700454712
0.0997300148010254
0.0991849899291992
0.0995450019836426
0.0992640256881714
0.099518895149231
0.0993630886077881
0.0995010137557983
0.103578925132751
0.0953080654144287
0.0992379188537598
0.0995990037918091
0.0995150804519653
0.099329948425293
0.0994839668273926