0.100190043449402
0.0999139547348022
0.100127935409546
0.0998769998550415
0.099777102470398
0.0997979640960693
0.0996559858322144
0.0999710559844971
0.0999279022216797
0.0998210906982422
0.100015997886658
0.0998330116271973
0.0998039245605469
0.100072026252747
0.0997480154037476
0.0998820066452026
0.0999059677124023
0.0998749732971191
0.0997490882873535
0.0999189615249634
0.0999289751052856
0.0998719930648804
0.0998610258102417
0.0998519659042358
0.100653052330017
0.0995489358901978
0.09940505027771
0.0998549461364746
0.0998270511627197
0.0999100208282471
0.0999079942703247
0.0998989343643188
0.0998750925064087
0.0999999046325684
0.0997470617294312
0.0999889373779297
0.0998320579528809
0.100064992904663
0.0998959541320801
0.0999699831008911
0.0997641086578369
0.100016951560974
0.0997229814529419
0.100445985794067
0.0996730327606201
0.0995880365371704
0.099990963935852
0.0997469425201416
0.100017070770264
0.0998489856719971
0.0999490022659302
0.0997610092163086
0.0998790264129639
0.0999319553375244
0.100061058998108
0.0998119115829468
0.0997220277786255
0.0999490022659302
0.0999200344085693
0.0998759269714356
0.0998530387878418
0.0999530553817749
0.0999408960342407
0.0998570919036865
0.0999279022216797
0.099918007850647
0.0998080968856812
0.0997430086135864
0.0999969244003296
0.0999670028686523
0.100144982337952
0.0994170904159546
0.100052952766418
0.0998319387435913
0.100138068199158
0.0997710227966309
0.0998439788818359
0.0998660326004028
0.0998709201812744
0.0998439788818359
0.0998539924621582
0.0998640060424805
0.0999910831451416
0.100010991096497
0.0998740196228027
0.0997539758682251
0.0998209714889526
0.100005030632019
0.0998289585113525
0.0997570753097534
0.0999490022659302
0.10011899471283
0.100014925003052
0.0995140075683594
0.100326061248779
0.0995039939880371
0.0998979806900024
0.0998939275741577
0.0999470949172974
0.0996840000152588
