0.100076079368591
0.0998859405517578
0.0999380350112915
0.0999720096588135
0.099789023399353
0.0998709201812744
0.0998790264129639
0.099789023399353
0.0999189615249634
0.0998550653457642
0.099943995475769
0.0999289751052856
0.0998330116271973
0.0998430252075195
0.0999499559402466
0.0996079444885254
0.100131034851074
0.0997920036315918
0.0999929904937744
0.100003957748413
0.0997880697250366
0.0999490022659302
0.0998129844665527
0.0998009443283081
0.0999081134796143
0.0997809171676636
0.0998769998550415
0.0998480319976807
0.100016951560974
0.10289204120636
0.099871039390564
0.0998560190200806
0.100024938583374
0.0998950004577637
0.0996639728546143
0.099932074546814
0.100099921226501
0.0996760129928589
0.100025057792664
0.0994749069213867
0.100234031677246
0.0997960567474365
0.0997920036315918
0.100243926048279
0.0999569892883301
0.0995171070098877
0.100009918212891
0.0999480485916138
0.100157022476196
0.0995699167251587
0.0999940633773804
0.099918007850647
0.0999089479446411
0.0998079776763916
0.0998430252075195
0.0998769998550415
0.100074052810669
0.0996459722518921
0.0998749732971191
0.0998259782791138
0.100152015686035
0.0997140407562256
0.0998519659042358
0.0999530553817749
0.0999230146408081
0.0997529029846191
0.0999530553817749
0.0999529361724854
0.099835991859436
0.0998491048812866
0.0998939275741577
0.100154995918274
0.0995320081710815
0.09996497631073
0.10015606880188
0.09955894947052
0.100102066993713
0.0998599529266357
0.0998560190200806
0.100096940994263
0.0999161005020142
0.0998969078063965
0.0997470617294312
0.0997389554977417
0.100064992904663
0.0996429920196533
0.0999130010604858
0.0999780893325806
0.099761962890625
0.0998769998550415
0.0999850034713745
0.0998409986495972
0.0998419523239136
0.0998749732971191
0.100300073623657
0.0995550155639648
0.0998599529266357
0.0998680591583252
0.0998719930648804
0.0999279022216797
