
0.0100600719451904
0.00980591773986816
0.0101339817047119
0.00996708869934082
0.0100879669189453
0.00987899303436279
0.0101170539855957
0.00982797145843506
0.0102459192276001
0.00973308086395264
0.0100139379501343
0.0105950832366943
0.00992000102996826
0.0101679563522339
0.00993204116821289
0.0100669860839844
0.0102699995040894
0.00954699516296387
0.0099489688873291
0.00970304012298584
0.00980496406555176
0.0103100538253784
0.0100198984146118
0.00964498519897461
0.0107160806655884
0.00935494899749756
0.0101140737533569
0.0102119445800781
0.00951695442199707
0.0105190277099609
0.00951802730560303
0.0102570056915283
0.00981104373931885
0.0100349187850952
0.00978708267211914
0.00990700721740723
0.0100069046020508
0.0100570917129517
0.00996994972229004
0.010051965713501
0.00997805595397949
0.0101299285888672
0.00993800163269043
0.0099480152130127
0.00989401340484619
0.0101890563964844
0.00988495349884033
0.0100899934768677
0.0100289583206177
0.00981402397155762
0.0101649761199951
0.0102150440216064
0.00978696346282959
0.00998902320861816
0.00999307632446289
0.0100558996200562
0.00986301898956299
0.0099719762802124
0.0101090669631958
0.00982093811035156
0.010309100151062
0.00974094867706299
0.0101219415664673
0.00988507270812988
0.00986695289611816
0.00993204116821289
0.0100580453872681
0.0100148916244507
0.00990200042724609
0.0101560354232788
0.0100849866867065
0.00984799861907959
0.0100880861282349
0.00993895530700684
0.00998294353485107
0.00996601581573486
0.00998103618621826
0.0100409984588623
0.00987398624420166
0.010004997253418
0.0100040435791016
0.00989294052124023
0.0100530385971069
0.0100400447845459
0.0098729133605957
0.0101140737533569
0.00994300842285156
0.00981199741363525
0.00991296768188477
0.0101000070571899
0.0101299285888672
0.0106570720672607
0.00918102264404297
0.0099489688873291
0.00986802577972412
0.0100319385528564
0.0101000070571899
0.00985395908355713
0.00998008251190186
0.010017991065979
0.0100129842758179
0.0099339485168457
0.0099860429763794
0.00997805595397949
0.00998592376708984
0.00996208190917969
0.00998198986053467
0.0101109743118286
0.00994300842285156
0.00994491577148438
0.0110599994659424
0.00971901416778564
0.00934004783630371
0.0103859901428223
0.0109080076217651
0.00908493995666504
0.0100200176239014
0.0100160837173462
0.010098934173584
0.00989603996276856
0.00996601581573486
0.0100159645080566
0.00998497009277344
0.00985598564147949
0.0100270509719849
0.00992703437805176
0.0100789070129395
0.00991404056549072
0.0100589990615845
0.00995397567749023
0.00995504856109619
0.0100280046463013
0.00993800163269043
0.0100319385528564
0.00995910167694092
0.0101209878921509
0.009848952293396
0.00999903678894043
0.0100849866867065
0.010098934173584
0.00987100601196289
0.0106570720672607
0.00927901268005371
0.00985395908355713
0.0101009607315063
0.0101480484008789
0.0098339319229126
0.00992906093597412
0.00996601581573486
0.0100369453430176
0.0104000568389893
0.0101649761199951
0.0089789628982544
0.0100940465927124
0.0100879669189453
0.0103139877319336
0.00986409187316894
0.0101209878921509
0.00995993614196777
0.00999903678894043
0.00990402698516846
0.010017991065979
0.00990092754364014
0.0100719928741455
0.00980603694915772
0.0101439952850342
0.0100710391998291
0.009971022605896
0.00986695289611816
0.0101499557495117
0.00986707210540772
0.0100209712982178
0.0100549459457397
0.00997710227966309
0.00989091396331787
0.0100500583648682
0.0100729465484619
0.00980901718139648
0.00994205474853516
0.0101989507675171
0.0100229978561401
0.00985300540924072
0.0100010633468628
0.0100469589233398
0.0099250078201294
0.010003924369812
0.00981199741363525
0.0101820230484009
0.0100430250167847
0.00995302200317383
0.0099560022354126
0.0100300312042236
0.00999295711517334
0.00999295711517334
0.0100560188293457
0.00992906093597412
0.00997591018676758
0.00994598865509033
0.00954103469848633
0.0099480152130127
0.0104620456695557
0.00998497009277344
0.00996196269989014
0.00972402095794678
0.00995302200317383
0.0103759765625
0.00962197780609131
0.00997400283813477
0.00983500480651856
0.0100539922714233
0.0101090669631958
0.0103219747543335
0.0094989538192749
0.00976502895355225
0.0102449655532837
0.0100400447845459
0.0103609561920166
0.00958800315856934
0.00988006591796875
0.0101029872894287
0.00986194610595703
0.0100480318069458
0.0100150108337402
0.0103819370269775
0.0100300312042236
0.010045051574707
0.00995993614196777
0.00997602939605713
0.0095139741897583
0.0100820064544678
0.009971022605896
0.00993895530700684
0.0099940299987793
0.00997698307037354
0.00987899303436279
0.0100530385971069
0.0099949836730957
0.00996804237365723
0.0101180076599121
0.00989198684692383
0.010362982749939
0.00972604751586914
0.0103859901428223
0.00980997085571289
0.0100229978561401
0.0100259780883789
0.00993704795837402
0.0101629495620728
0.00966107845306396
0.0101929903030396
0.00994491577148438
0.0100600719451904
0.0100820064544678
0.00976395606994629
0.00998997688293457
0.0100160837173462
0.0101209878921509
0.00976800918579102
0.0100629329681396
0.00996100902557373
0.00996005535125732
0.0101310014724731
0.00985491275787354
0.00990307331085205
0.0100549459457397
0.00991404056549072
0.010138988494873
0.00976502895355225
0.00981795787811279
0.0100229978561401
0.00998497009277344
0.0100489854812622
0.0101920366287231
0.0099480152130127
0.0101300477981567
0.00996494293212891
0.0100569725036621
0.00999605655670166
0.0100330114364624
0.00979900360107422
0.0100079774856567
0.00987696647644043
0.0101640224456787
0.00993096828460693
0.00991404056549072
0.0100879669189453
0.00997495651245117
0.0107721090316772
0.00922095775604248
0.00981497764587402
0.0102410316467285
0.00988495349884033
0.0100520849227905
0.00974690914154053
0.010146975517273
0.00996005535125732
0.00992298126220703
0.0102300643920898
0.00979793071746826
0.00998103618621826
0.0100409984588623
0.00986993312835693
0.0101320743560791
0.00987398624420166
0.0100719928741455
0.00995898246765137
0.00986707210540772
0.0101439952850342
0.0120269060134888
0.00779807567596436
0.00972998142242432
0.0100690126419067
0.0101640224456787
0.0100879669189453
0.010017991065979
0.009613037109375
0.00988996028900146
0.00984704494476318
0.00993800163269043
0.0104889869689941
0.0100549459457397
0.00961101055145264
0.00985300540924072
0.0102239847183228
0.00970900058746338
0.0099949836730957
0.0100420713424683
0.00988292694091797
0.0101510286331177
0.00985395908355713
0.0100120306015015
0.00996506214141846
0.00996792316436768
0.0100400447845459
0.00997400283813477
0.0100109577178955
0.00999903678894043
0.00992894172668457
0.0100361108779907
0.0099719762802124
0.00996100902557373
0.0100009441375732
0.0100430250167847
0.00995194911956787
0.0100030899047852
0.00992894172668457
0.00998103618621826
0.00998592376708984
0.0099940299987793
0.010146975517273
0.00996005535125732
0.00990498065948486
0.010113000869751
0.00981605052947998
0.0101759433746338
0.00988006591796875
0.00983595848083496
0.0100749731063843
0.00994300842285156
0.0100330114364624
0.010085940361023
0.0099329948425293
0.00989210605621338
0.0100349187850952
0.0100650787353516
0.00998198986053467
0.0100589990615845
0.00999200344085693
0.00999701023101807
0.0099189281463623
0.0100820064544678
0.0100899934768677
0.00998806953430176
0.00992798805236816
0.0100349187850952
0.0100120306015015
0.00999999046325684
0.01015305519104
0.00960493087768555
0.00999808311462402
0.0101369619369507
0.0100359916687012
0.0099029541015625
0.0100020170211792
0.00986897945404053
0.0100769996643066
0.0097891092300415
0.010077953338623
0.0101499557495117
0.0100910663604736
0.00977802276611328
0.009909987449646
0.00990498065948486
0.0101419687271118
0.0101170539855957
0.0099639892578125
0.00997591018676758
0.00993609428405762
0.010098934173584
0.00989305973052978
0.010017991065979
0.00995993614196777
0.009971022605896
0.00995397567749023
0.0100849866867065
0.0100270509719849
0.00995302200317383
0.0099489688873291
0.0102170705795288
0.00986194610595703
0.00990700721740723
0.0100679397583008
0.00998806953430176
0.00989294052124023
0.0099790096282959
0.00996804237365723
0.0099799633026123
0.010017991065979
0.00981605052947998
0.0101770162582397
0.00996792316436768
0.00996804237365723
0.0099940299987793
0.0102019309997559
0.00994002819061279
0.00972998142242432
0.0100610256195068
0.0100589990615845
0.00967800617218018
0.010208010673523
0.0099480152130127
0.00997292995452881
0.0099940299987793
0.0100430250167847
0.0099940299987793
0.00989997386932373
0.00995397567749023
0.0101300477981567
0.00993096828460693
0.00999903678894043
0.0099949836730957
0.0100020170211792
0.010051965713501
0.00996804237365723
0.010051965713501
0.0100640058517456
0.00990092754364014
0.00987505912780762
0.0100569725036621
0.0100280046463013
0.00988197326660156
0.00999808311462402
0.0102499723434448
0.00982201099395752
0.00988996028900146
0.0098869800567627
0.0100470781326294
0.0100789070129395
0.00997507572174072
0.00996196269989014
0.0101120471954346
0.00990200042724609
0.00985193252563477
0.0103130340576172
0.00978696346282959
0.0100079774856567
0.0099560022354126
0.00979101657867432
0.0104550123214722
0.00975799560546875
0.00983202457427978
0.0101079940795898
0.00995194911956787
0.0100970268249512
0.00971102714538574
0.0100350379943848
0.0102639198303223
0.00985205173492432
0.0100480318069458
0.00995790958404541
0.00990808010101318
0.0100369453430176
0.00999701023101807
0.01003098487854
0.00995302200317383
0.0098719596862793
0.0100860595703125
0.00990593433380127
0.00999903678894043
0.0100110769271851
0.00996589660644531
0.0100340843200684
0.0099189281463623
0.0101320743560791
0.010111927986145
0.00979506969451904
0.01003098487854
0.0099189281463623
0.0100040435791016
0.0100200176239014
0.00996303558349609
0.0100699663162231
0.0099029541015625
0.0100160837173462
0.00996494293212891
0.0100079774856567
0.00989699363708496
0.0100610256195068
0.00979697704315186
0.01015305519104
0.00992095470428467
0.010113000869751
0.00995206832885742
0.0100849866867065
0.00983893871307373
0.00995099544525146
0.0101230144500732
0.00994503498077393
0.00998401641845703
0.00988900661468506
0.0100969076156616
0.0100240707397461
0.0098719596862793
0.0099949836730957
0.0100520849227905
0.00998997688293457
0.00999701023101807
0.00998497009277344
0.0100330114364624
0.00993204116821289
0.00998890399932861
0.0100120306015015
0.0100419521331787
0.00994610786437988
0.00987398624420166
0.0101989507675171
0.00981903076171875
0.00995898246765137
0.0101189613342285
0.00998198986053467
0.00993907451629639
0.0101269483566284
0.00990498065948486
0.0099860429763794
0.0099790096282959
0.0100159645080566
0.0100560188293457
0.009848952293396
0.0100400447845459
0.0100109577178955
0.00988006591796875
0.0100380182266235
0.0100079774856567
0.010004997253418
0.00993704795837402
0.0099409818649292
0.00989902019500732
0.0100769996643066
0.0100229978561401
0.00975394248962402
0.0101929903030396
0.0100200176239014
0.00988805294036865
0.0100429058074951
0.00995206832885742
0.0100109577178955
0.0101189613342285
0.00998508930206299
0.00991499423980713
0.00996494293212891
0.00993597507476807
0.009971022605896
0.0101410150527954
0.00982201099395752
0.0100330114364624
0.009956955909729
0.0100220441818237
0.00996696949005127
0.0100060701370239
0.0100558996200562
0.00989401340484619
0.0101090669631958
0.00990593433380127
0.00999200344085693
0.00990402698516846
0.0100339651107788
0.00993800163269043
0.0100170373916626
0.00998198986053467
0.010019063949585
0.00992393493652344
0.0100749731063843
0.00995099544525146
0.0101890563964844
0.00982403755187988
0.00986790657043457
0.0101339817047119
0.00985205173492432
0.0100280046463013
0.0104299783706665
0.00966203212738037
0.0101070404052734
0.0101490020751953
0.00971996784210205
0.0100129842758179
0.00992798805236816
0.00993800163269043
0.00998306274414062
0.00985598564147949
0.0101419687271118
0.00998198986053467
0.00998198986053467
0.00993096828460693
0.0100250244140625
0.00999796390533447
0.00994503498077393
0.0100129842758179
0.00994408130645752
0.0100899934768677
0.00999999046325684
0.00989401340484619
0.0100619792938232
0.00999701023101807
0.00999391078948975
0.00998401641845703
0.00994908809661865
0.0099869966506958
0.010016918182373
0.010019063949585
0.0100300312042236
0.00984799861907959
0.0100929737091064
0.00989997386932373
0.00999701023101807
0.00996303558349609
0.00997698307037354
0.00996994972229004
0.00999999046325684
0.0100330114364624
0.0100150108337402
0.0099250078201294
0.0100899934768677
0.0098869800567627
0.0100409984588623
0.00992798805236816
0.0101519823074341
0.0097430944442749
0.0100729465484619
0.00994598865509033
0.00996601581573486
0.00998401641845703
0.0100389719009399
0.00990307331085205
0.0100909471511841
0.00992703437805176
0.00999796390533447
0.0100769996643066
0.00990796089172363
0.00985109806060791
0.0101869106292725
0.00990402698516846
0.010004997253418
0.00998198986053467
0.0100460052490234
0.00997495651245117
0.00996100902557373
0.0100020170211792
0.0099790096282959
0.00998103618621826
0.00998497009277344
0.0099949836730957
0.0099719762802124
0.00997602939605713
0.0100979804992676
0.00989305973052978
0.0100100040435791
0.0100710391998291
0.00992798805236816
0.00996196269989014
0.0100269317626953
0.00995111465454102
0.0100479125976562
0.00983405113220215
0.0100619792938232
0.0100059509277344
0.00997400283813477
0.0100290775299072
0.00999999046325684
0.00995802879333496
0.0100479125976562
0.00979709625244141
0.0101649761199951
0.0100369453430176
0.00989198684692383
0.00997507572174072
0.00998198986053467
0.0100699663162231
0.00996100902557373
0.00992703437805176
0.0100319385528564
0.00992107391357422
0.0100460052490234
0.00998294353485107
0.00992202758789062
0.0100889205932617
0.00996303558349609
0.00998902320861816
0.00991904735565186
0.00987589359283447
0.00985109806060791
0.0101999044418335
0.010045051574707
0.0100200176239014
0.00996494293212891
0.00991201400756836
0.00997006893157959
0.0101310014724731
0.00993895530700684
0.00995397567749023
0.00987303256988525
0.0099560022354126
0.0101809501647949
0.00981807708740234
0.0101799964904785
0.00980699062347412
0.0100970268249512
0.00994491577148438
0.0100070238113403
0.00978398323059082
0.0101619958877563
0.00990700721740723
0.0102250576019287
0.00958693027496338
0.0102369785308838
0.00995504856109619
0.0100500583648682
0.0099339485168457
0.0102269649505615
0.0096360445022583
0.010187029838562
0.00987100601196289
0.0101279020309448
0.00981903076171875
0.010125994682312
0.00981605052947998
0.0100729465484619
0.00999200344085693
0.0100680589675903
0.00988900661468506
0.0101739168167114
0.00982308387756348
0.0100579261779785
0.00998508930206299
0.0100209712982178
0.00986802577972412
0.0101609230041504
0.00976896286010742
0.0099940299987793
0.00996506214141846
0.0102130174636841
0.00989294052124023
0.0100239515304565
0.00996005535125732
0.0101020336151123
0.00983095169067383
0.0101050138473511
0.00986599922180176
0.010079026222229
0.00988602638244629
0.0101228952407837
0.0099250078201294
0.0100550651550293
0.00979101657867432
0.0100959539413452
0.00993204116821289
0.0101280212402344
0.00986289978027344
0.0101490020751953
0.00990307331085205
0.0101510286331177
0.00975990295410156
0.0101120471954346
0.00978803634643555
0.010206937789917
0.00992202758789062
0.0100510120391846
0.0098949670791626
0.0100120306015015
0.0100109577178955
0.0100129842758179
0.00984299182891846
0.009971022605896
0.0100209712982178
0.0100090503692627
0.00996005535125732
0.0100729465484619
0.00986897945404053
0.0100870132446289
0.0100229978561401
0.0099940299987793
0.00988101959228516
0.010125994682312
0.0100250244140625
0.00979399681091309
0.0100328922271729
0.00990903377532959
0.0101059675216675
0.00993609428405762
0.0115979909896851
0.00814998149871826
0.0102050304412842
0.00995790958404541
0.00999307632446289
0.0100070238113403
0.0100479125976562
0.00988006591796875
0.0100719928741455
0.00986802577972412
0.0100549459457397
0.00993704795837402
0.00998294353485107
0.0100840330123901
0.0100009441375732
0.00999200344085693
0.00992798805236816
0.00998401641845703
0.0100719928741455
0.00985205173492432
0.0100359916687012
0.0100109577178955
0.00998198986053467
0.00981605052947998
0.010172963142395
0.00992107391357422
0.0100429058074951
0.00996303558349609
0.00978696346282959
0.0104531049728394
0.0100818872451782
0.0095740556716919
0.0100950002670288
0.009971022605896
0.0100079774856567
0.00993001461029053
0.0099869966506958
0.0101289749145508
0.00986003875732422
0.0100209712982178
0.0099860429763794
0.00997591018676758
0.00996804237365723
0.0099940299987793
0.0100939273834229
0.00987505912780762
0.00995302200317383
0.0101100206375122
0.00995492935180664
0.00992298126220703
0.0100240707397461
0.0100679397583008
0.00991904735565186
0.00999200344085693
0.0100699663162231
0.00989401340484619
0.00999605655670166
0.00985395908355713
0.0100840330123901
0.00999391078948975
0.0100220441818237
0.0100020170211792
0.00994598865509033
0.0100289583206177
0.00962197780609131
0.0102730989456177
0.00996196269989014
0.0100389719009399
0.0100600719451904
0.01003098487854
0.00992000102996826
0.0100189447402954
0.00993597507476807
0.00999200344085693
0.010093092918396
0.00976693630218506
0.010113000869751
0.009909987449646
0.0100330114364624
0.0100469589233398
0.0102460384368896
0.00968706607818604
0.0100009441375732
0.0100159645080566
0.00995206832885742
0.00992095470428467
0.0101109743118286
0.00989603996276856
0.0100409984588623
0.00994706153869629
0.0099869966506958
0.00994694232940674
0.0100640058517456
0.00984799861907959
0.0100090503692627
0.00997591018676758
0.00998008251190186
0.00989294052124023
0.0102980136871338
0.00978004932403564
0.0100349187850952
0.0098869800567627
0.0101079940795898
0.010019063949585
0.0100259780883789
0.00988507270812988
0.00997090339660644
0.010017991065979
0.00994300842285156
0.0100260972976685
0.00999188423156738
0.00998103618621826
0.010127067565918
0.0098809003829956
0.00996410846710205
0.00999689102172852
0.0100970268249512
0.00988101959228516
0.00996196269989014
0.00985705852508545
0.0101230144500732
0.00990593433380127
0.010017991065979
0.0100610256195068
0.00992000102996826
0.0100539922714233
0.00999307632446289
0.00992691516876221
0.00984907150268555
0.0101100206375122
0.00986897945404053
0.0102039575576782
0.00982701778411865
0.0101900100708008
0.00992703437805176
0.00983798503875732
0.0100129842758179
0.0100239515304565
0.0100879669189453
0.0100100040435791
0.0100100040435791
0.00990009307861328
0.0099419355392456
0.0101090669631958
0.00993692874908447
0.00995802879333496
0.0100059509277344
0.00990700721740723
0.0101370811462402
0.00985896587371826
0.00999200344085693
0.0100020170211792
0.00982296466827393
0.010077953338623
0.0101341009140015
0.00995790958404541
0.00988805294036865
0.0100289583206177
0.00999307632446289
0.00987601280212402
0.0100909471511841
0.00983703136444092
0.0100939273834229
0.0100439786911011
0.0099940299987793
0.00998902320861816
0.00986099243164062
0.0101029872894287
0.0099869966506958
0.00992107391357422
0.01003098487854
0.00984096527099609
0.0100890398025513
0.0100020170211792
0.010085940361023
0.00995099544525146
0.0099790096282959
0.0101070404052734
0.00984394550323486
0.0100460052490234
0.0100270509719849
0.00997090339660644
0.0100500583648682
0.00987803936004639
0.00990390777587891
0.010045051574707
0.00992798805236816
0.0100259780883789
0.0099639892578125
0.0100719928741455
0.00995302200317383
0.00996708869934082
0.0100119113922119
0.00987398624420166
0.010221004486084
0.00987899303436279
0.00996804237365723
0.0100070238113403
0.00996792316436768
0.0100070238113403
0.0099179744720459
0.00973904132843018
0.010356068611145
0.00998497009277344
0.00957095623016357
0.0099560022354126
0.0106689929962158
0.00981998443603516
0.00981998443603516
0.0100220441818237
0.00999295711517334
0.00999903678894043
0.0101020336151123
0.00951802730560303
0.0103169679641724
0.0102310180664062
0.0094599723815918
0.0102169513702393
0.0101470947265625
0.0101540088653564
0.01003098487854
0.0098029375076294
0.00988507270812988
0.0101439952850342
0.0101529359817505
0.00989806652069092
0.010016918182373
0.0100820064544678
0.00994205474853516
0.00992894172668457
0.00994002819061279
0.0100560188293457
0.0100399255752563
0.00990307331085205
0.0100269317626953
0.00997602939605713
0.00995302200317383
0.0100799798965454
0.00995206832885742
0.0100510120391846
0.00992393493652344
0.00992798805236816
0.0100129842758179
0.00995504856109619
0.0101499557495117
0.00992107391357422
0.00990891456604004
0.0101310014724731
0.00980305671691894
0.00974893569946289
0.00982201099395752
0.010174036026001
0.0100059509277344
0.00986599922180176
0.00990104675292969
0.0105459690093994
0.00981307029724121
0.00982201099395752
0.01043701171875
0.00982093811035156
0.00979995727539062
0.0102070569992065
0.00994396209716797
0.0099560022354126
0.0100560188293457
0.00997602939605713
0.0099719762802124
0.00995004177093506
0.0100619792938232
0.0098639726638794
0.0098639726638794
0.0102770328521729
0.00993096828460693
0.00994706153869629
0.00985002517700195
0.0101019144058228
0.0100539922714233
0.0100100040435791
0.0099940299987793
0.00992202758789062
0.0101180076599121
0.009956955909729
0.00995099544525146
0.00998497009277344
0.00976800918579102
0.0101010799407959
0.0099790096282959
0.0101499557495117
0.0100070238113403
0.00962996482849121
0.0100699663162231
0.00980806350708008
0.0100319385528564
0.0099250078201294
0.00982499122619629
0.0101410150527954
0.0100040435791016
0.00996899604797363
0.00997793674468994
0.00990509986877441
0.0100729465484619
0.00990903377532959
0.0100799798965454
0.0099029541015625
0.0100210905075073
0.00996291637420654
0.0100569725036621
0.0100150108337402
0.00992608070373535
0.00999796390533447
0.00998497009277344
0.0100610256195068
0.00997805595397949
0.00992190837860107
0.0099940299987793
0.00996601581573486
0.0101209878921509
0.00988805294036865
0.0100909471511841
0.00976598262786865
0.0101090669631958
0.0099189281463623
0.0101940631866455
0.00989902019500732
0.00998294353485107
0.00986301898956299
0.0100159645080566
0.0100580453872681
0.00998091697692871
0.0100120306015015
0.00999796390533447
0.00992000102996826
0.0101100206375122
0.00986003875732422
0.010187029838562
0.0099109411239624
0.0100070238113403
0.00990498065948486
0.0100370645523071
0.00987899303436279
0.0100609064102173
0.00997805595397949
0.00994002819061279
0.0100849866867065
0.00975394248962402
0.010200023651123
0.00995004177093506
0.0100610256195068
0.00992393493652344
0.00986802577972412
0.0100339651107788
0.00989997386932373
0.010140061378479
0.00982999801635742
0.0101480484008789
0.00987589359283447
0.0100680589675903
0.00997400283813477
0.00996994972229004
0.00999605655670166
0.00998902320861816
0.00997292995452881
0.0100129842758179
0.00997507572174072
0.0101310014724731
0.00983798503875732
0.0099560022354126
0.0100089311599731
0.00989210605621338
0.00992894172668457
0.0102430582046509
0.00987398624420166
0.0100499391555786
0.00991499423980713
0.0100209712982178
0.0100220441818237
0.00993001461029053
0.0099940299987793
0.010113000869751
0.0099259614944458
0.0100439786911011
0.00995004177093506
0.0099719762802124
0.00994300842285156
0.0100500583648682
0.0100159645080566
0.0098949670791626
0.0100370645523071
0.00999200344085693
0.010004997253418
0.0100018978118896
0.0100080966949463
0.00997400283813477
0.00993990898132324
0.0100250244140625
0.00995802879333496
0.0099799633026123
0.0100070238113403
0.00996303558349609
0.0100129842758179
0.0099189281463623
0.0105570554733276
0.00951600074768066
0.0098569393157959
0.0101310014724731
0.00989103317260742
0.00996601581573486
0.0100469589233398
0.00990402698516846
0.00993001461029053
0.00997805595397949
0.0100789070129395
0.0100020170211792
0.0099869966506958
0.00994503498077393
0.00991904735565186
0.0100069046020508
0.0100200176239014
0.0104730129241943
0.00952696800231934
0.00999605655670166
0.00991499423980713
0.0100840330123901
0.0098649263381958
0.0100630521774292
0.0100129842758179
0.0099639892578125
0.00988900661468506
0.0101840496063232
0.0100229978561401
0.00979089736938477
0.00991308689117432
0.0101269483566284
0.00995898246765137
0.0100890398025513
0.0100090503692627
0.00994598865509033
0.00984394550323486
0.0101109743118286
0.00995004177093506
0.0100810527801514
0.010051965713501
0.00983893871307373
0.00979101657867432
0.010316014289856
0.00996506214141846
0.00993597507476807
0.0100449323654175
0.00993204116821289
0.00988602638244629
0.010113000869751
0.0098189115524292
0.0100181102752686
0.00995790958404541
0.01009202003479
0.0099560022354126
0.00994706153869629
0.00994491577148438
0.0100220441818237
0.0101050138473511
0.00992798805236816
0.00995194911956787
0.0100170373916626
0.00997495651245117
0.010066032409668
0.0100990533828735
0.00985801219940186
0.00993096828460693
0.00999701023101807
0.0100339651107788
0.0099719762802124
0.0100680589675903
0.00990796089172363
0.00989103317260742
0.0100380182266235
0.009895920753479
0.0100730657577515
0.0100699663162231
0.00991404056549072
0.0099719762802124
0.0100439786911011
0.00989305973052978
0.0100209712982178
0.00997793674468994
0.010066032409668
0.00996100902557373
0.00995004177093506
0.0100709199905396
0.00993502140045166
0.00991702079772949
0.00996303558349609
0.0100349187850952
0.0101079940795898
0.00990307331085205
0.0100189447402954
0.0100010633468628
0.00992095470428467
0.0100799798965454
0.00996208190917969
0.0099489688873291
0.0100300312042236
0.00969290733337402
0.0102061033248901
0.0100959539413452
0.00994300842285156
0.00994992256164551
0.00998902320861816
0.0101240873336792
0.00990200042724609
0.00994396209716797
0.00980103015899658
0.0101189613342285
0.0101209878921509
0.0101430416107178
0.00974893569946289
0.00993204116821289
0.00998401641845703
0.00980496406555176
0.0102970600128174
0.0100409984588623
0.00976395606994629
0.00997793674468994
0.00999701023101807
0.010066032409668
0.00989902019500732
0.0099259614944458
0.0101220607757568
0.00991499423980713
0.0100489854812622
0.00992095470428467
0.0100280046463013
0.00992298126220703
0.0100750923156738
0.010016918182373
0.00994908809661865
0.00990700721740723
0.0100289583206177
0.0099949836730957
0.0100109577178955
0.0100010633468628
0.00992393493652344
0.0100260972976685
0.00993692874908447
0.00996899604797363
0.0100530385971069
0.00998902320861816
0.00994598865509033
0.0100139379501343
0.0100120306015015
0.0101239681243896
0.00977802276611328
0.00999605655670166
0.0100829601287842
0.00989794731140137
0.0104780197143555
0.00961506366729736
0.00988399982452393
0.0100079774856567
0.0101029872894287
0.00997805595397949
0.00989699363708496
0.00999999046325684
0.00996601581573486
0.00995790958404541
0.0100539922714233
0.00985503196716309
0.0104440450668335
0.0101249217987061
0.00939702987670898
0.0100120306015015
0.01003098487854
0.00986695289611816
0.0100960731506348
0.0106189250946045
0.00973403453826904
0.00960695743560791
0.0100120306015015
0.00990498065948486
0.0103820562362671
0.00967001914978027
0.00989091396331787
0.010066032409668
0.0100070238113403
0.0100610256195068
0.00996291637420654
0.00983107089996338
0.0102260112762451
0.00988495349884033
0.0101879835128784
0.00972604751586914
0.00999999046325684
0.0102800130844116
0.00969696044921875
0.0103740692138672
0.00960195064544678
0.00995397567749023
0.0105160474777222
0.00987601280212402
0.00966000556945801
0.0100029706954956
0.00996303558349609
0.0098419189453125
0.0102150440216064
0.0100330114364624
0.00983202457427978
0.0100679397583008
0.00988805294036865
0.00995898246765137
0.0104299783706665
0.00961101055145264
0.00996303558349609
0.00999796390533447
0.0102920532226562
0.00961494445800781
0.010079026222229
0.0103919506072998
0.0094519853591919
0.0100640058517456
0.010017991065979
0.00987899303436279
0.0101320743560791
0.00999999046325684
0.00986802577972412
0.0100349187850952
0.0103710889816284
0.00956499576568604
0.0100449323654175
0.0104429721832275
0.00949501991271973
0.0104110240936279
0.00996196269989014
0.00996005535125732
0.0100380182266235
0.00958991050720215
0.00992000102996826
0.00999903678894043
0.0100430250167847
0.00995397567749023
0.0100330114364624
0.0103340148925781
0.00998997688293457
0.00957703590393066
0.0104809999465942
0.00960898399353027
0.00982093811035156
0.0104360580444336
0.00961697101593018
0.0103139877319336
0.010066032409668
0.00995004177093506
0.0097649097442627
0.00977802276611328
0.0101370811462402
0.00994491577148438
0.0100160837173462
0.0100029706954956
0.00996303558349609
0.0102978944778442
0.0096360445022583
0.0101009607315063
0.00995409488677978
0.00986695289611816
0.0102930068969727
