0.01
0.0101479291915894
0.00981903076171875
0.0099639892578125
0.00998795032501221
0.0100120306015015
0.0101159811019897
0.0098639726638794
0.0100589990615845
0.010093092918396
0.0100250244140625
0.0100659132003784
0.00983500480651856
0.0105099678039551
0.0103400945663452
0.00975894927978516
0.0100690126419067
0.00971102714538574
0.0102419853210449
0.0104349851608276
0.0094599723815918
0.0101380348205566
0.00974094867706299
0.0101929903030396
0.0101430416107178
0.00965607166290283
0.00997698307037354
0.00999295711517334
0.0101079940795898
0.0105800628662109
0.00997889041900635
0.00947809219360352
0.00973701477050781
0.0100339651107788
0.0102720260620117
0.00973796844482422
0.0101799964904785
0.00976097583770752
0.0100510120391846
0.00976300239562988
0.010113000869751
0.0102070569992065
0.00958991050720215
0.0103729963302612
0.00964105129241943
0.010125994682312
0.00995802879333496
0.00982499122619629
0.0103650093078613
0.00986599922180176
0.00981295108795166
0.0099560022354126
0.00997304916381836
0.0102969408035278
0.00977301597595215
0.00979101657867432
0.0103570222854614
0.00970399379730225
0.0102169513702393
0.0100170373916626
0.00982296466827393
0.0101840496063232
0.0113300085067749
0.00821495056152344
0.0100200176239014
0.010064959526062
0.0102419853210449
0.00970602035522461
0.0100290775299072
0.0101579427719116
0.00975203514099121
0.00991594791412354
0.0100719928741455
0.00998008251190186
0.00972390174865723
0.0100730657577515
0.0101569890975952
0.00977802276611328
0.0104999542236328
0.00958406925201416
0.0100969076156616
0.00976002216339111
0.00997805595397949
0.0102019309997559
0.0101519823074341
0.00986707210540772
0.00996494293212891
0.010079026222229
0.00990104675292969
0.0101149082183838
0.00982403755187988
0.0101280212402344
0.0098259449005127
0.0101500749588013
0.00988399982452393
0.0101490020751953
0.00975000858306885
0.0099489688873291
0.0100950002670288
0.0102640390396118
0.010016918182373
0.00975799560546875
0.0100899934768677
0.0100330114364624
0.00982105731964111
0.010004997253418
0.00985002517700195
0.0100119113922119
0.0101310014724731
0.0100359916687012
0.00987207889556885
0.0100219249725342
0.00987899303436279
0.0100480318069458
0.0100100040435791
0.00993704795837402
0.00999891757965088
0.00989603996276856
0.0101029872894287
0.00991606712341309
0.0100229978561401
0.0100219249725342
0.0101320743560791
0.0100219249725342
0.00984406471252441
0.0100089311599731
0.00988101959228516
0.0100350379943848
0.0100749731063843
0.00992798805236816
0.00995504856109619
0.0100070238113403
0.00999093055725098
0.00995397567749023
0.00997006893157959
0.00998592376708984
0.00982010364532471
0.0103369951248169
0.00997400283813477
0.00998795032501221
0.00975894927978516
0.00995409488677978
0.0100299119949341
0.0100020170211792
0.00991904735565186
0.0101820230484009
0.0098569393157959
0.00997006893157959
0.0100799798965454
0.0100059509277344
0.00995206832885742
0.0100699663162231
0.00979101657867432
0.0100109577178955
0.0100409984588623
0.00998497009277344
0.00995707511901856
0.00993001461029053
0.0101979970932007
0.0098029375076294
0.0099719762802124
0.0100740194320679
0.0103319883346558
0.00978398323059082
0.00972902774810791
0.00982606410980225
0.0100079774856567
0.0102279186248779
0.0100330114364624
0.00988709926605225
0.0102049112319946
0.00989401340484619
0.00979804992675781
0.0103080272674561
0.00972294807434082
0.0100059509277344
0.0100070238113403
0.00997006893157959
0.0100399255752563
0.0100370645523071
0.0100380182266235
0.0098799467086792
0.00990605354309082
0.0102269649505615
0.0099940299987793
0.00999593734741211
0.0099560022354126
0.00986003875732422
0.0099029541015625
0.00995206832885742
0.00999593734741211
0.0100640058517456
0.00987899303436279
0.0100959539413452
0.00991606712341309
0.0100629329681396
0.00991809368133545
0.00996196269989014
0.0101029872894287
0.00985002517700195
0.0100769996643066
0.00998497009277344
0.00987005233764648
0.0108299255371094
0.00935506820678711
0.00983500480651856
0.010016918182373
0.0101070404052734
0.00986897945404053
0.00998008251190186
0.00996899604797363
0.0100469589233398
0.00991404056549072
0.0100119113922119
0.00992608070373535
0.0100769996643066
0.00997292995452881
0.0099639892578125
0.00998401641845703
0.009909987449646
0.0100500583648682
0.0101039409637451
0.00986897945404053
0.010309100151062
0.00990700721740723
0.0098949670791626
0.00999200344085693
0.0100269317626953
0.00985801219940186
0.0100880861282349
0.0100280046463013
0.009956955909729
0.00985896587371826
0.0100389719009399
0.0100650787353516
0.00996899604797363
0.00996196269989014
0.00996506214141846
0.00990390777587891
0.0101370811462402
0.00981795787811279
0.0103919506072998
0.00970602035522461
0.00998306274414062
0.00988602638244629
0.0101859569549561
0.00979197025299072
0.0100719928741455
0.00992906093597412
0.00993096828460693
0.0101510286331177
0.00989401340484619
0.00990498065948486
0.0101050138473511
0.00983691215515137
0.0102100372314453
0.00995898246765137
0.0100530385971069
0.0100629329681396
0.0100300312042236
0.00971400737762451
0.00981104373931885
0.0100749731063843
0.0101840496063232
0.00980198383331299
0.0099719762802124
0.0101050138473511
0.00994598865509033
0.00996100902557373
0.0101089477539062
0.00995206832885742
0.0100359916687012
0.00980496406555176
0.0102790594100952
0.00980091094970703
0.00995409488677978
0.0100369453430176
0.0099259614944458
0.0100570917129517
0.00987493991851807
0.0100209712982178
0.0100380182266235
0.00996696949005127
0.0102900266647339
0.00970196723937988
0.0100350379943848
0.0100020170211792
0.00984394550323486
0.0101640224456787
0.00990104675292969
0.0099339485168457
0.010079026222229
0.00985598564147949
0.0100079774856567
0.00993406772613525
0.010064959526062
0.0099480152130127
0.0100140571594238
0.0099719762802124
0.0099259614944458
0.0100400447845459
0.0101219415664673
0.00989305973052978
0.0101019144058228
0.010032057762146
0.00998795032501221
0.00988209247589111
0.0100259780883789
0.0100430250167847
0.0099109411239624
0.0098639726638794
0.0100820064544678
0.00984406471252441
0.0101369619369507
0.00989198684692383
0.0101059675216675
0.00981009006500244
0.0100159645080566
0.00998401641845703
0.0101019144058228
0.00991201400756836
0.00994002819061279
0.00997698307037354
0.0103009939193726
0.00970804691314697
0.0103139877319336
0.00979495048522949
0.0100290775299072
0.0100439786911011
0.00995099544525146
0.0100599527359009
0.00979900360107422
0.00997710227966309
0.00989890098571777
0.010282039642334
0.00988805294036865
0.00999689102172852
0.0099790096282959
0.0100359916687012
0.00980806350708008
0.0101209878921509
0.00988101959228516
0.00998401641845703
0.00988900661468506
0.0102789402008057
0.00986301898956299
0.00996100902557373
0.0100059509277344
0.00998198986053467
0.00996899604797363
0.0100550651550293
0.0099329948425293
0.0099179744720459
0.00993704795837402
0.0100740194320679
0.00996589660644531
0.00993704795837402
0.0101180076599121
0.0098719596862793
0.0100020170211792
0.00981402397155762
0.0101569890975952
0.0138169527053833
0.00640106201171875
0.00961697101593018
0.0100640058517456
0.00981903076171875
0.0104899406433105
0.00963008403778076
0.0102659463882446
0.00977206230163574
0.0101230144500732
0.00984299182891846
0.0102149248123169
0.00971901416778564
0.0102050304412842
0.0106790065765381
0.00920796394348144
0.010017991065979
0.00985097885131836
0.0100350379943848
0.0100769996643066
0.00999295711517334
0.0100910663604736
0.00970101356506348
0.0102469921112061
0.00976300239562988
0.0100699663162231
0.00984704494476318
0.0101639032363892
0.00973105430603027
0.010146975517273
0.00991499423980713
0.0100100040435791
0.00990903377532959
0.0101219415664673
0.0097661018371582
0.0101449489593506
0.0101629495620728
0.00981009006500244
0.0099489688873291
0.0100589990615845
0.00994396209716797
0.0100970268249512
0.00987100601196289
0.0101759433746338
0.00978100299835205
0.0101000070571899
0.00986409187316894
0.0100510120391846
0.00985598564147949
0.0101439952850342
0.00996994972229004
0.00998198986053467
0.00982701778411865
0.0102349519729614
0.00980603694915772
0.0101490020751953
0.00996005535125732
0.0102699995040894
0.00978600978851318
0.00980591773986816
0.00978302955627441
0.0100209712982178
0.0100580453872681
0.0099869966506958
0.00995492935180664
0.0100491046905518
0.00992798805236816
0.010085940361023
0.00991296768188477
0.00996303558349609
0.00989007949829102
0.0104368925094604
0.00991606712341309
0.0100460052490234
0.00989699363708496
0.00994002819061279
0.0100829601287842
0.00983798503875732
0.00996196269989014
0.0101510286331177
0.00991201400756836
0.0100059509277344
0.00994408130645752
0.0100499391555786
0.0100669860839844
0.010438084602356
0.00951695442199707
0.0098719596862793
0.0100700855255127
0.00995790958404541
0.0100001096725464
0.010037899017334
0.00990104675292969
0.00990903377532959
0.0101579427719116
0.00986897945404053
0.0100780725479126
0.0101629495620728
0.00971698760986328
0.0100070238113403
0.0101820230484009
0.00989794731140137
0.00991904735565186
0.00985801219940186
0.0098639726638794
0.0103330612182617
0.00999796390533447
0.00992298126220703
0.0101079940795898
0.0100070238113403
0.0100749731063843
0.00979399681091309
0.0101189613342285
0.00966310501098633
0.0101718902587891
0.00985610485076904
0.0102429389953613
0.00978398323059082
0.00981998443603516
0.0100630521774292
0.0098869800567627
0.0103440284729004
0.00984692573547363
0.0101020336151123
0.00986003875732422
0.00995802879333496
0.0100479125976562
0.0100160837173462
0.00999295711517334
0.00985002517700195
0.0100489854812622
0.0100699663162231
0.00981998443603516
0.0101600885391235
0.0100009441375732
0.010051965713501
0.00993800163269043
0.00983500480651856
0.0099949836730957
0.0101860761642456
0.00995993614196777
0.00980806350708008
0.010017991065979
0.0101000070571899
0.00989794731140137
0.00994002819061279
0.0102750062942505
0.00976705551147461
0.00997090339660644
0.00990200042724609
0.0101190805435181
0.009787917137146
0.0100070238113403
0.0101000070571899
0.0100820064544678
0.00997805595397949
0.0100699663162231
0.00990593433380127
0.0100890398025513
0.00979900360107422
0.00999104976654053
0.00990700721740723
0.0102159976959229
0.0100369453430176
0.0099250078201294
0.00973999500274658
0.0100040435791016
0.0102599859237671
0.00958096981048584
0.0101360082626343
0.0100820064544678
0.00985598564147949
0.0101180076599121
0.0099860429763794
0.00985395908355713
0.0103880167007446
0.00989902019500732
0.0099419355392456
0.00970101356506348
0.00996506214141846
0.0103859901428223
0.00967800617218018
0.0100439786911011
0.0100510120391846
0.00985896587371826
0.0100369453430176
0.00997710227966309
0.0110359191894531
0.0092090368270874
0.00973200798034668
0.0101109743118286
0.0099869966506958
0.00988602638244629
0.00999701023101807
0.00989794731140137
0.0100140571594238
0.00997495651245117
0.00999701023101807
0.0100530385971069
0.0098649263381958
0.0100220441818237
0.0103390216827393
0.00982797145843506
0.00987100601196289
0.00988304615020752
0.00997591018676758
0.00985205173492432
0.0100120306015015
0.00998294353485107
0.00990104675292969
0.0100529193878174
0.00994110107421875
0.00999188423156738
0.0100460052490234
0.00990903377532959
0.0100100040435791
0.00992405414581299
0.0100929737091064
0.00993800163269043
0.0212149620056152
0.00338602066040039
0.00509500503540039
0.0104429721832275
0.00986301898956299
0.0100040435791016
0.0099259614944458
0.0100400447845459
0.00984597206115723
0.0101020336151123
0.00997090339660644
0.0100080966949463
0.00999796390533447
0.00998103618621826
0.00992798805236816
0.010017991065979
0.00992095470428467
0.0100109577178955
0.00994205474853516
0.00999903678894043
0.0100809335708618
0.0120949745178223
0.0077970027923584
0.00992906093597412
0.0100250244140625
0.00983202457427978
0.0100979804992676
0.00997495651245117
0.00996005535125732
0.0101299285888672
0.00994205474853516
0.0101690292358398
0.0099719762802124
0.0101100206375122
0.0098259449005127
0.00994300842285156
0.0100760459899902
0.00999391078948975
0.00999808311462402
0.00967490673065186
0.0102500915527344
0.00998497009277344
0.00970101356506348
0.0101109743118286
0.0103780031204224
0.0099940299987793
0.00986897945404053
0.0100070238113403
0.0100729465484619
0.0099480152130127
0.00985002517700195
0.0103349685668945
0.00972402095794678
0.0100170373916626
0.010024905204773
0.00980806350708008
0.0100699663162231
0.0100040435791016
0.00994396209716797
0.0100430250167847
0.00989794731140137
0.0101029872894287
0.00982809066772461
0.0101149082183838
0.00999999046325684
0.0099480152130127
0.0100630521774292
0.0098569393157959
0.0101020336151123
0.0099639892578125
0.00993597507476807
0.0101230144500732
0.00980198383331299
0.0100160837173462
0.0099480152130127
0.0100609064102173
0.0101330280303955
0.00979304313659668
0.0101100206375122
0.00998997688293457
0.00976192951202393
0.0101830959320068
0.0104329586029053
0.00962996482849121
0.00977098941802978
0.00981199741363525
0.0102840662002563
0.00983798503875732
0.010200023651123
0.00980794429779053
0.0100200176239014
0.0101549625396729
0.00999903678894043
0.00996601581573486
0.00991904735565186
0.00997889041900635
0.0099250078201294
0.00996601581573486
0.0100650787353516
0.00991690158843994
0.00999605655670166
0.0103199481964111
0.00990808010101318
0.00985896587371826
0.0100100040435791
0.0099639892578125
0.00987505912780762
0.00994789600372314
0.0101910829544067
0.00992393493652344
0.00993704795837402
0.0100419521331787
0.00979804992675781
0.0101410150527954
0.0099949836730957
0.0099109411239624
0.0100010633468628
0.0100079774856567
0.00995194911956787
0.0100409984588623
0.00995802879333496
0.00994503498077393
0.0099329948425293
0.0100150108337402
0.0100560188293457
0.00988101959228516
0.010132908821106
0.00994300842285156
0.00991904735565186
0.0100769996643066
0.00987493991851807
0.0102540254592896
0.00977897644042969
0.010019063949585
0.00996291637420654
0.0100140571594238
0.00999796390533447
0.0099639892578125
0.00990903377532959
0.0100140571594238
0.00998198986053467
0.0109390020370483
0.00924491882324219
0.0100330114364624
0.00982999801635742
0.00985908508300781
0.0100489854812622
0.0100359916687012
0.00998997688293457
0.0103180408477783
0.00970101356506348
0.0099419355392456
0.0101460218429565
0.00984704494476318
0.0100499391555786
0.00984203815460205
0.0100640058517456
0.00998294353485107
0.0101020336151123
0.00981593132019043
0.00989305973052978
0.0101850032806396
0.0100129842758179
0.00978994369506836
0.0100040435791016
0.0100029706954956
0.010045051574707
0.0100469589233398
0.00991499423980713
0.0101830959320068
0.00991296768188477
0.00992703437805176
0.00997591018676758
0.00991904735565186
0.010004997253418
0.0099339485168457
0.00997006893157959
0.0100330114364624
0.0100789070129395
0.00995802879333496
0.00984096527099609
0.0101701021194458
0.0100759267807007
0.0099860429763794
0.00969803333282471
0.00990700721740723
0.0101609230041504
0.0101940631866455
0.00986695289611816
0.0100140571594238
0.00984299182891846
0.0102009773254395
0.00985193252563477
0.0102500915527344
0.009895920753479
0.00977802276611328
0.0099790096282959
0.0100170373916626
0.0099869966506958
0.00995099544525146
0.00997292995452881
0.0100750923156738
0.00992000102996826
0.010301947593689
0.00980794429779053
0.00986003875732422
0.0100079774856567
0.00995409488677978
0.0100818872451782
0.0100160837173462
0.00989401340484619
0.0100089311599731
0.00994300842285156
0.00998806953430176
0.0100409984588623
0.0098869800567627
0.0100970268249512
0.0099719762802124
0.0100939273834229
0.00995004177093506
0.00987696647644043
0.0101540088653564
0.0100100040435791
0.00991702079772949
0.00993597507476807
0.00988101959228516
0.010019063949585
0.00990688800811768
0.0101510286331177
0.00989699363708496
0.0100830793380737
0.0099259614944458
0.00995194911956787
0.0100070238113403
0.0100370645523071
0.00996696949005127
0.00999701023101807
0.00987696647644043
0.0101220607757568
0.00988495349884033
0.009956955909729
0.0101300477981567
0.00991201400756836
0.0101799964904785
0.00979793071746826
0.00998103618621826
0.00992095470428467
0.0100170373916626
0.0101510286331177
0.0100580453872681
0.00995397567749023
0.00987792015075684
0.0101420879364014
0.0098339319229126
0.00989198684692383
0.0100290775299072
0.0100020170211792
0.00999093055725098
0.010066032409668
0.0101250410079956
0.00991296768188477
0.0100209712982178
0.00972497463226318
0.0102200508117676
0.00981700420379639
0.0100469589233398
0.0100330114364624
0.00984096527099609
0.0101100206375122
0.0101410150527954
0.0099799633026123
0.010045051574707
0.010004997253418
0.0099109411239624
0.00976204872131348
0.0102970600128174
0.0100719928741455
0.00971090793609619
0.0101420879364014
0.00975596904754639
0.0102249383926392
0.0101749897003174
0.0108131170272827
0.00863790512084961
0.00996506214141846
0.00997400283813477
0.0101909637451172
0.00991106033325195
0.0102999210357666
0.00956404209136963
0.010174036026001
0.0102189779281616
0.00976002216339111
0.0100739002227783
0.0099480152130127
0.0100849866867065
0.00999200344085693
0.00965499877929688
0.0101940631866455
0.0098259449005127
0.0100539922714233
0.010019063949585
0.0100319385528564
0.0100510120391846
0.00979506969451904
0.010138988494873
0.00980997085571289
0.00992298126220703
0.0101890563964844
0.0098569393157959
0.00993907451629639
0.010077953338623
0.00993001461029053
0.00998997688293457
0.0107779502868652
0.00926303863525391
0.00994002819061279
0.0100009441375732
0.0100020170211792
0.010066032409668
0.00985598564147949
0.0100350379943848
0.0100239515304565
0.0101350545883179
0.0098419189453125
0.0100220441818237
0.0100300312042236
0.00999295711517334
0.0100250244140625
0.00968801975250244
0.0100749731063843
0.0099339485168457
0.0101590156555176
0.010019063949585
0.00983297824859619
0.0101039409637451
0.0100170373916626
0.0099869966506958
0.00994205474853516
0.00990593433380127
0.0100339651107788
0.00999510288238525
0.00986790657043457
0.0103490352630615
0.0096360445022583
0.0100289583206177
0.0100170373916626
0.01003098487854
0.00999295711517334
0.0099560022354126
0.00993502140045166
0.0100250244140625
0.00985896587371826
0.0103930234909058
0.0096060037612915
0.0102750062942505
0.00993800163269043
0.0100139379501343
0.00994300842285156
0.0099639892578125
0.00988304615020752
0.00998401641845703
0.00991702079772949
0.0101199150085449
0.00987601280212402
0.0100799798965454
0.00987803936004639
0.0100280046463013
0.0101139545440674
0.00984609127044678
0.0100619792938232
0.00995993614196777
0.010080099105835
0.0101339817047119
0.009956955909729
0.0100120306015015
0.00989603996276856
0.0100098848342896
0.0100650787353516
0.00984203815460205
0.0101149082183838
0.00980305671691894
0.0111789703369141
0.00874805450439453
0.0099259614944458
0.00991904735565186
0.00992000102996826
0.0101369619369507
0.0100959539413452
0.0100129842758179
0.0101580619812012
0.00974094867706299
0.0100229978561401
0.0102090835571289
0.00973892211914062
0.00998306274414062
0.00989294052124023
0.0100699663162231
0.00994300842285156
0.0101439952850342
0.00992310047149658
0.0100719928741455
0.00989997386932373
0.0100950002670288
0.00976598262786865
0.0101009607315063
0.00985598564147949
0.010019063949585
0.010064959526062
0.0101159811019897
0.00978302955627441
0.0100650787353516
0.00983798503875732
0.0100069046020508
0.0101799964904785
0.00986301898956299
0.0101500749588013
0.00984597206115723
0.0101159811019897
0.00979197025299072
0.0100870132446289
0.00995302200317383
0.0100200176239014
0.0100489854812622
0.0100929737091064
0.00977706909179688
0.00987899303436279
0.010113000869751
0.0101319551467896
0.00977802276611328
0.010077953338623
0.00990009307861328
0.00999391078948975
0.0101960897445679
0.00974690914154053
0.0101330280303955
0.00991106033325195
0.00998997688293457
0.0100070238113403
0.00999093055725098
0.0099719762802124
0.00998997688293457
0.00993001461029053
0.0101610422134399
0.00998294353485107
0.0100750923156738
0.00992894172668457
0.0100400447845459
0.00981295108795166
0.00993704795837402
0.0101310014724731
0.0100319385528564
0.00977802276611328
0.00996100902557373
0.0103240013122559
0.00967502593994141
0.0100870132446289
0.0099029541015625
0.00998497009277344
0.00998103618621826
0.00991499423980713
0.010174036026001
0.00980901718139648
0.0100820064544678
0.0098639726638794
0.0101330280303955
0.0100069046020508
0.0100040435791016
0.0100100040435791
0.00993597507476807
0.00996899604797363
0.0101170539855957
0.009787917137146
0.0100530385971069
0.00990200042724609
0.0102289915084839
0.00996899604797363
0.00983297824859619
0.0101220607757568
0.0101050138473511
0.00972795486450195
0.0102050304412842
0.0125730037689209
0.00744104385375977
0.00967597961425781
0.00988292694091797
0.0101330280303955
0.0107359886169434
0.00931203365325928
0.00997400283813477
0.0100150108337402
0.0100579261779785
0.00986909866333008
0.0101579427719116
0.00971400737762451
0.0101799964904785
0.00984597206115723
0.0100120306015015
0.0100289583206177
0.00995004177093506
0.00996100902557373
0.0102529525756836
0.00979602336883545
0.0101610422134399
0.00986993312835693
0.0100980997085571
0.0098729133605957
0.00992202758789062
0.00995004177093506
0.0099480152130127
0.0100359916687012
0.0100529193878174
0.0099250078201294
0.0100259780883789
0.00978302955627441
0.0102280378341675
0.00981795787811279
0.0100569725036621
0.00997209548950195
0.00991392135620117
0.00993907451629639
0.0101069211959839
0.00988602638244629
0.0100870132446289
0.0101289749145508
0.00995802879333496
0.00981104373931885
0.0100369453430176
0.00999903678894043
0.00999200344085693
0.00990700721740723
0.010146975517273
0.00981998443603516
0.0101480484008789
0.0098578929901123
0.0102831125259399
0.00970900058746338
0.0099799633026123
0.0100579261779785
0.00990307331085205
0.00990200042724609
0.0101820230484009
0.00979292392730713
0.0102530717849731
0.00982999801635742
0.0100619792938232
0.00987493991851807
0.0100960731506348
0.0098639726638794
0.0100460052490234
0.00984001159667969
0.0101799964904785
0.00988101959228516
0.0100389719009399
0.0101360082626343
0.00985395908355713
0.00996100902557373
0.00994396209716797
0.00995004177093506
0.010032057762146
0.0100029706954956
0.010390043258667
0.00960099697113037
0.0100829601287842
0.0101319551467896
0.00999808311462402
0.00972199440002441
0.0100820064544678
0.0099560022354126
0.0100139379501343
0.00988399982452393
0.0101699829101562
0.00994503498077393
0.00992798805236816
0.00982701778411865
0.0101859569549561
0.00990700721740723
0.0099409818649292
0.010066032409668
0.00991106033325195
0.00997292995452881
0.0101979970932007
0.00981307029724121
0.0104269981384277
0.00968492031097412
0.00983107089996338
0.00976693630218506
0.0102930068969727
0.01003098487854
0.00994408130645752
0.00986695289611816
0.0102050304412842
0.00978100299835205
0.0102719068527222
0.00964605808258057
0.0101679563522339
0.0101610422134399
0.00975096225738525
0.00996100902557373
0.0100209712982178
0.010004997253418
0.00998306274414062
0.00997495651245117
0.0101790428161621
0.00978398323059082
0.0100430250167847
0.00999093055725098
0.0100560188293457
0.0100480318069458
0.00978195667266846
0.0101370811462402
0.0098879337310791
0.00992608070373535
0.0100609064102173
0.00988709926605225
0.010003924369812
0.0100500583648682
0.00997292995452881
0.0100100040435791
0.009909987449646
0.0100520849227905
0.0100150108337402
0.0100059509277344
0.00996005535125732
0.00997388362884522
0.00999307632446289
0.00994300842285156
0.010004997253418
0.0102620124816895
0.00973093509674072
0.0100719928741455
0.00990104675292969
0.0100129842758179
0.00995802879333496
0.00993001461029053
0.0101159811019897
0.00999593734741211
0.0099329948425293
0.0100090503692627
0.00986599922180176
0.0100549459457397
0.010004997253418
0.0100020170211792
0.0101100206375122
0.0098639726638794
0.00999200344085693
0.00986099243164062
0.0100980997085571
0.00997793674468994
0.0100730657577515
0.0101889371871948
0.00971198081970215
0.0100560188293457
0.0100100040435791
0.0099250078201294
0.0101840496063232
0.00990688800811768
0.00990009307861328
0.00996601581573486
0.0099949836730957
0.0106449127197266
0.00932610034942627
0.0100349187850952
0.00987100601196289
0.00985205173492432
0.0101189613342285
0.00988805294036865
0.0100889205932617
0.0101010799407959
0.00974202156066894
0.0102109909057617
0.00985491275787354
0.0101120471954346
0.0099339485168457
0.00988709926605225
0.0100809335708618
0.00990402698516846
0.0100679397583008
0.0100240707397461
0.00985801219940186
0.0100919008255005
0.00991404056549072
0.0100760459899902
0.00992393493652344
0.0100530385971069
0.00983500480651856
0.00986897945404053
0.0102399587631226
0.00993406772613525
0.0100100040435791
0.00996804237365723
0.0100069046020508
0.0099860429763794
0.0101039409637451
0.0100550651550293
0.00983297824859619
0.00987005233764648
0.0102260112762451
0.00988888740539551
0.00997304916381836
0.00996899604797363
0.0100090503692627
0.010017991065979
0.0101720094680786
0.00968599319458008
0.0103600025177002
0.00971794128417969
0.00989103317260742
0.0100549459457397
0.0100270509719849
0.00993001461029053
0.00987398624420166
0.0101159811019897
0.0100100040435791
0.00988197326660156
0.0101950168609619
0.00970900058746338
0.010140061378479
0.00999701023101807
0.00989890098571777
0.00998103618621826
0.0100480318069458
0.0100599527359009
0.00991904735565186
0.00989198684692383
0.010066032409668
0.0098799467086792
0.0103030204772949
0.00978302955627441
0.00995290279388428
0.0100051164627075
0.00990498065948486
0.0102089643478394
0.00997602939605713
0.00979900360107422
0.0101559162139893
0.00998306274414062
0.00991499423980713
0.010004997253418
0.0100419521331787
0.0099329948425293
0.00982904434204102
0.0101670026779175
0.0100100040435791
0.00992095470428467
0.0100810527801514
0.00989997386932373
0.0099860429763794
0.0101050138473511
0.00999891757965088
0.00989806652069092
0.0101209878921509
0.0099329948425293
0.00993704795837402
0.00987398624420166
0.0100799798965454
0.010077953338623
0.00998997688293457
0.00994503498077393
0.00977396965026856
0.0101360082626343
0.00994908809661865
0.0100998878479004
0.0101931095123291
0.00985491275787354
0.00993204116821289
0.00981795787811279
0.00998008251190186
0.00998497009277344
0.0100589990615845
0.00999200344085693
0.0099109411239624
0.0101610422134399
0.00978994369506836
0.0100229978561401
0.0100870132446289
0.00979101657867432
0.0101029872894287
0.0101920366287231
0.00973701477050781
0.0100150108337402
0.00984799861907959
0.0101560354232788
0.0118249654769897
0.00826191902160644
0.00979804992675781
0.00972497463226318
0.0103499889373779
0.00988304615020752
0.0100220441818237
0.00999796390533447
0.00987899303436279
0.0102390050888062
0.00996899604797363
0.00986003875732422
0.00999093055725098
0.00990605354309082
0.0100300312042236
0.00998795032501221
0.0102930068969727
0.00966501235961914
0.009971022605896
0.0102179050445557
0.00981605052947998
0.0101519823074341
0.0100010633468628
0.00972890853881836
0.0100600719451904
0.0100549459457397
0.00993096828460693
0.010004997253418
0.0100040435791016
0.0100619792938232
0.00991404056549072
0.0099489688873291
0.0100530385971069
0.00992798805236816
0.010113000869751
0.00984799861907959
0.00992703437805176
0.00999701023101807
0.0099489688873291
0.0100419521331787
0.0100300312042236
0.0100510120391846
0.00998497009277344
0.00986802577972412
0.0100489854812622
0.0100170373916626
0.0099109411239624
0.00998902320861816
0.00986206531524658
0.0101579427719116
0.0105229616165161
0.00947308540344238
0.0101449489593506
0.0099869966506958
0.00987803936004639
0.00994992256164551
0.00990700721740723
0.00990808010101318
0.00997698307037354
0.00999999046325684
0.0101479291915894
0.0100901126861572
0.00983190536499023
0.00982403755187988
0.0101089477539062
0.0100500583648682
0.00996696949005127
0.00996804237365723
0.00988101959228516
0.010145902633667
0.00992810726165772
0.0100679397583008
0.0099409818649292
0.00997602939605713
0.010146975517273
0.00996208190917969
0.00982499122619629
0.0098729133605957
0.0100229978561401
0.00989603996276856
0.0098949670791626
0.00996303558349609
0.0101139545440674
0.00983500480651856
0.0104020833969116
0.00975692272186279
0.00984609127044678
0.010301947593689
0.00997400283813477
0.010098934173584
0.00985300540924072
0.0100311040878296
0.010024905204773
0.00990903377532959
0.0100539922714233
0.00989902019500732
0.0099480152130127
0.0100449323654175
0.00984001159667969
0.0101660490036011
0.0132229328155518
0.00687110424041748
0.00976991653442383
0.00989508628845215
0.0101759433746338
0.00994598865509033
0.0101649761199951
0.00990808010101318
0.00987398624420166
0.0099790096282959
0.010193943977356
0.010004997253418
0.00993907451629639
0.00979197025299072
0.0101239681243896
0.00991702079772949
0.00996303558349609
0.00999200344085693
0.00999093055725098
0.0100799798965454
0.010004997253418
0.0101040601730347
0.00977301597595215
0.0099250078201294
0.0100219249725342
0.0101040601730347
0.00985193252563477
0.0100710391998291
0.00984001159667969
0.0101230144500732
0.00985991954803467
0.0100020170211792
0.0100910663604736
0.00996899604797363
0.0100189447402954
0.00992107391357422
0.0101209878921509
0.0101249217987061
0.00978004932403564
0.00994694232940674
0.00993609428405762
0.0100659132003784
0.00996506214141846
0.009909987449646
0.0100769996643066
0.00995802879333496
0.0101449489593506
0.00980603694915772
0.00996303558349609
0.0100209712982178
0.0100280046463013
0.0099940299987793
0.00998795032501221
0.00995397567749023
0.0100510120391846
0.0100229978561401
0.0099339485168457
0.00993907451629639
0.00997698307037354
0.0100680589675903
0.010085940361023
0.00981795787811279
0.00996804237365723
0.00992298126220703
0.01009202003479
0.00989902019500732
0.0100259780883789
0.00999999046325684
0.010221004486084
0.0100259780883789
0.00965297222137451
0.0100300312042236
0.00996100902557373
0.00991404056549072
0.0103009939193726
0.00977396965026856
0.0101890563964844
0.00976192951202393
0.0101120471954346
0.009971022605896
0.00999891757965088
0.0100510120391846
0.00985908508300781
0.00994288921356201
0.0100570917129517
0.00990891456604004
0.0100950002670288
0.00988304615020752
0.0100200176239014
0.0102319717407227
0.00974798202514648
0.0100340843200684
0.0100079774856567
0.00988292694091797
0.0100380182266235
0.0100159645080566
0.00997507572174072
0.00999200344085693
0.00978899002075195
0.0101790428161621
0.0102019309997559
0.00985097885131836
0.00987100601196289
0.00974404811859131
0.0102490186691284
0.0099799633026123
0.0100640058517456
0.010045051574707
0.00982189178466797
0.0100420713424683
0.00992000102996826
0.0103210210800171
0.0100059509277344
0.00962305068969727
0.0101900100708008
0.0097728967666626
0.010045051574707
0.0100350379943848
0.00994992256164551
0.0100710391998291
0.00985801219940186
0.0102059841156006
0.00985801219940186
0.0105339288711548
0.00943911075592041
0.010017991065979
0.0099329948425293
0.0101189613342285
0.00981605052947998
0.0101089477539062
0.00985395908355713
0.0101370811462402
0.009956955909729
0.00976598262786865
0.0100530385971069
0.0100170373916626
0.0101169347763062
0.00985598564147949
0.0100520849227905
0.0100489854812622
0.009848952293396
0.00994503498077393
0.0101150274276733
0.00998997688293457
0.00991594791412354
0.00993704795837402
0.0101050138473511
0.00991392135620117
0.0100760459899902
0.0101269483566284
0.00968098640441894
0.0101000070571899
0.00995409488677978
0.0100219249725342
0.0100530385971069
0.00979495048522949
0.0102050304412842
0.00994002819061279
0.00992703437805176
0.0100739002227783
0.00986003875732422
0.0103440284729004
0.00959193706512451
0.00998902320861816
0.010079026222229
0.00993001461029053
0.00997602939605713
0.0099329948425293
0.0099639892578125
0.0100429058074951
0.00993406772613525
0.0100330114364624
0.0100159645080566
0.0101610422134399
0.00981998443603516
0.0102909803390503
0.00974297523498535
0.00994002819061279
0.00994706153869629
0.0102399587631226
0.00967800617218018
0.0101339817047119
0.0100250244140625
0.00992894172668457
0.00993800163269043
0.0100240707397461
0.0100029706954956
0.0100259780883789
0.0100100040435791
0.0100209712982178
0.00980103015899658
0.0101009607315063
0.0100730657577515
0.00985598564147949
0.010017991065979
0.010032057762146
0.00996696949005127
0.0100409984588623
0.00995492935180664
0.00985407829284668
0.0129989385604858
0.00714206695556641
0.00982701778411865
0.00993490219116211
0.00996506214141846
0.0100729465484619
0.0100240707397461
0.0100059509277344
0.0099259614944458
0.0102630853652954
0.00984394550323486
0.00999701023101807
0.00992202758789062
0.0099179744720459
0.00995302200317383
0.00995004177093506
0.0100269317626953
0.0103260278701782
0.00970399379730225
0.0101180076599121
0.00992202758789062
0.0101180076599121
0.00973689556121826
0.0103150606155396
0.00982201099395752
0.009848952293396
0.0100780725479126
0.0099109411239624
0.0100129842758179
0.0100380182266235
0.00981295108795166
0.0101020336151123
0.0099409818649292
0.0100589990615845
0.00998806953430176
0.0099719762802124
0.00996696949005127
0.00990903377532959
0.0100619792938232
0.0100979804992676
0.00978398323059082
0.0100400447845459
0.0100810527801514
0.0099799633026123
0.0099560022354126
0.00988304615020752
0.0101419687271118
0.0099489688873291
0.00996804237365723
0.0100100040435791
0.0102629661560059
0.00976204872131348
0.0099560022354126
0.00987899303436279
0.010037899017334
0.00991308689117432
0.0101569890975952
0.00993502140045166
0.00996696949005127
0.00997400283813477
0.00990796089172363
0.0103200674057007
0.00976991653442383
0.00999200344085693
0.00990808010101318
0.00993192195892334
0.0102800130844116
0.0098639726638794
0.00999701023101807
0.00994002819061279
0.00996303558349609
0.010004997253418
0.00994491577148438
0.0101040601730347
0.00997304916381836
0.00992000102996826
0.0101979970932007
0.00968289375305176
0.00996899604797363
0.0101000070571899
0.00990307331085205
0.010221004486084
0.00974392890930176
0.0100990533828735
0.00988101959228516
0.00999093055725098
0.0101010799407959
0.00998294353485107
0.00989198684692383
0.0100600719451904
0.00996494293212891
0.00992107391357422
0.00995290279388428
0.0101170539855957
0.00990498065948486
0.00998401641845703
0.0106799602508545
0.00944006443023682
0.00981295108795166
0.0101510286331177
0.0118309259414673
0.00820505619049072
0.00980901718139648
0.0098259449005127
0.0102190971374512
0.0098799467086792
0.0101840496063232
0.00974094867706299
0.0101310014724731
0.0102570056915283
0.0099409818649292
0.0100840330123901
0.0100629329681396
0.00982105731964111
0.00993895530700684
0.00992202758789062
0.0100200176239014
0.0101419687271118
0.00988101959228516
0.00997793674468994
0.0099940299987793
0.00975406169891357
0.0102349519729614
0.0100029706954956
0.00989902019500732
0.0100810527801514
0.0101419687271118
0.00989902019500732
0.00981903076171875
0.00996792316436768
0.00998997688293457
0.0100409984588623
0.00991702079772949
0.0100090503692627
0.0098719596862793
0.00999999046325684
0.0100110769271851
0.00998294353485107
0.0099940299987793
0.00998795032501221
0.00992703437805176
0.0101840496063232
0.00985395908355713
0.010051965713501
0.0101370811462402
0.00980794429779053
0.0101050138473511
0.00992298126220703
0.0101079940795898
0.00983703136444092
0.0100109577178955
0.0100719928741455
0.00991606712341309
0.0101540088653564
0.00982093811035156
0.00996899604797363
0.00993406772613525
0.0101499557495117
0.00991904735565186
0.0100699663162231
0.00992095470428467
0.00996005535125732
0.0101349353790283
0.00984501838684082
0.0099259614944458
0.00980305671691894
0.0100300312042236
0.0101059675216675
0.00985896587371826
0.0100619792938232
0.0100030899047852
0.0100289583206177
0.00992000102996826
0.010077953338623
0.00994706153869629
0.00990903377532959
0.010004997253418
0.0101349353790283
0.00995004177093506
0.0100970268249512
0.0098639726638794
0.010085940361023
0.0100589990615845
0.00980103015899658
0.0100159645080566
0.00995504856109619
0.00982797145843506
0.0100700855255127
0.00996494293212891
0.0100899934768677
0.00984203815460205
0.0100969076156616
0.00985503196716309
0.00999999046325684
0.0100330114364624
0.00994205474853516
0.0101299285888672
0.0100520849227905
0.00970697402954102
0.0101239681243896
0.012537956237793
0.00817108154296875
0.00910401344299316
0.00999295711517334
0.00978100299835205
0.0103009939193726
0.00984501838684082
0.0102930068969727
0.00978994369506836
0.0100840330123901
0.00980496406555176
0.010261058807373
0.00969994068145752
0.0101330280303955
0.00992298126220703
0.00995004177093506
0.0100220441818237
0.00998497009277344
0.00994300842285156
0.0101900100708008
0.00992298126220703
0.0100589990615845
0.00995194911956787
0.00991702079772949
0.00982296466827393
0.0101720094680786
0.00993800163269043
0.00987005233764648
0.00998198986053467
0.0100699663162231
0.00998306274414062
0.010125994682312
0.00968599319458008
0.0101909637451172
0.00983798503875732
0.0100990533828735
0.0100589990615845
0.00991392135620117
0.00988805294036865
0.0100640058517456
0.00988304615020752
0.0101709365844727
0.00986301898956299
0.0102360248565674
0.00966393947601318
0.0102649927139282
0.00984108448028564
0.0100139379501343
0.0099790096282959
0.0100760459899902
0.00991201400756836
0.00997292995452881
0.00989997386932373
0.0101610422134399
0.00976097583770752
0.0102040767669678
0.00978994369506836
0.0100820064544678
0.00986599922180176
0.0101989507675171
0.00976300239562988
0.0103230476379395
0.00971698760986328
0.0100879669189453
0.00988709926605225
0.0100389719009399
0.00996994972229004
0.0100150108337402
0.00995099544525146
0.0105340480804443
0.0094829797744751
0.0099560022354126
0.0099250078201294
0.0102399587631226
0.00992107391357422
0.00992488861083984
0.0100370645523071
0.0102130174636841
0.00982797145843506
0.00987899303436279
0.0101100206375122
0.00978899002075195
0.00994205474853516
0.0101829767227173
0.00988996028900146
0.009956955909729
0.0100730657577515
0.00987803936004639
0.0100679397583008
0.0100200176239014
0.0100619792938232
0.00980699062347412
0.0100950002670288
0.0100140571594238
0.00997793674468994
0.0100589990615845
0.009971022605896
0.00987601280212402
0.0100820064544678
0.00998294353485107
0.0167720317840576
0.00301897525787354
0.0100580453872681
0.0099250078201294
0.0100100040435791
0.0100229978561401
0.0100840330123901
0.00995588302612305
0.0101081132888794
0.00982296466827393
0.0100610256195068
0.00999295711517334
0.01015305519104
0.00997400283813477
0.0102139711380005
0.00974702835083008
0.0099719762802124
0.00989401340484619
0.0101449489593506
0.01003098487854
0.0100860595703125
