0.01
0.0100200176239014
0.00982403755187988
0.010064959526062
0.00999999046325684
0.0100820064544678
0.0101519823074341
0.00980603694915772
0.0111110210418701
0.0089179277420044
0.0099480152130127
0.00998997688293457
0.0100350379943848
0.00995099544525146
0.00990796089172363
0.0104700326919556
0.0102980136871338
0.00979495048522949
0.0101680755615234
0.00982999801635742
0.010079026222229
0.00987696647644043
0.0100939273834229
0.00990509986877441
0.0100349187850952
0.00990498065948486
0.0101660490036011
0.00976395606994629
0.0102550983428955
0.00968289375305176
0.0102310180664062
0.00999200344085693
0.00987505912780762
0.00988399982452393
0.0100950002670288
0.0108209848403931
0.00927603244781494
0.00983595848083496
0.0100489854812622
0.00987601280212402
0.0100100040435791
0.0100280046463013
0.00989198684692383
0.0101289749145508
0.00981605052947998
0.0100319385528564
0.0100129842758179
0.0100170373916626
0.0101289749145508
0.00975203514099121
0.0101979970932007
0.0100079774856567
0.00975906848907471
0.0102299451828003
0.00976002216339111
0.0100909471511841
0.0101660490036011
0.00971603393554688
0.00986897945404053
0.00994598865509033
0.010077953338623
0.0103250741958618
0.00972902774810791
0.0098639726638794
0.00988495349884033
0.0101419687271118
0.00985705852508545
0.0101889371871948
0.00997602939605713
0.00974297523498535
0.0101450681686401
0.00996100902557373
0.0102360248565674
0.00968790054321289
0.00992202758789062
0.0102419853210449
0.00997602939605713
0.00971698760986328
0.010113000869751
0.0111320018768311
0.00930905342102051
0.00943493843078613
0.0101320743560791
0.00997400283813477
0.0098189115524292
0.0103369951248169
0.00998997688293457
0.00983011722564697
0.0101399421691895
0.00993096828460693
0.00999701023101807
0.00999796390533447
0.0099940299987793
0.00981605052947998
0.00982999801635742
0.0101020336151123
0.00996088981628418
0.00999903678894043
0.0100330114364624
0.00984704494476318
0.0102969408035278
0.00968706607818604
0.0103269815444946
0.00979101657867432
0.00984692573547363
0.0100229978561401
0.0101850032806396
0.00982606410980225
0.0101199150085449
0.00976002216339111
0.0101050138473511
0.009971022605896
0.00995004177093506
0.010145902633667
0.0101040601730347
0.00993096828460693
0.00980103015899658
0.0099869966506958
0.0101319551467896
0.00970304012298584
0.0101900100708008
0.0099639892578125
0.0099949836730957
0.00997400283813477
0.00994205474853516
0.00995993614196777
0.00997304916381836
0.00989198684692383
0.0100569725036621
0.00990104675292969
0.0101280212402344
0.00997400283813477
0.010024905204773
0.00993108749389648
0.00995492935180664
0.0100769996643066
0.00995707511901856
0.00993800163269043
0.0100458860397339
0.0100001096725464
0.0099179744720459
0.00999796390533447
0.0100569725036621
0.0100229978561401
0.00986003875732422
0.0100350379943848
0.00994992256164551
0.0101100206375122
0.00995099544525146
0.00991904735565186
0.0100840330123901
0.00992095470428467
0.010017991065979
0.00998795032501221
0.00994408130645752
0.0099790096282959
0.0101529359817505
0.00982499122619629
0.0101100206375122
0.00970900058746338
0.0103050470352173
0.00982201099395752
0.010064959526062
0.0100009441375732
0.00994110107421875
0.0100148916244507
0.00989210605621338
0.0102759599685669
0.00979900360107422
0.00987696647644043
0.0100029706954956
0.00998008251190186
0.0099869966506958
0.0100870132446289
0.0101099014282227
0.00983607769012451
0.0100300312042236
0.0097419023513794
0.0101850032806396
0.0114690065383911
0.00848102569580078
0.0102180242538452
0.00964593887329102
0.0101090669631958
0.00996899604797363
0.0101079940795898
0.0100899934768677
0.00979995727539062
0.0100380182266235
0.00982105731964111
0.0100389719009399
0.0100330114364624
0.00987696647644043
0.0100799798965454
0.00989401340484619
0.0101940631866455
0.0102449655532837
0.0100259780883789
0.00990200042724609
0.00983905792236328
0.00987398624420166
0.00993502140045166
0.00998497009277344
0.0100229978561401
0.00993502140045166
0.0100460052490234
0.0101319551467896
0.0098719596862793
0.00993907451629639
0.00992393493652344
0.0100640058517456
0.0100010633468628
0.0102099180221558
0.00969505310058594
0.0100020170211792
0.0101889371871948
0.00975799560546875
0.0099940299987793
0.0102299451828003
0.00979208946228027
0.0099639892578125
0.00990402698516846
0.0103719234466553
0.00992906093597412
0.00969898700714111
0.00998997688293457
0.010113000869751
0.00996005535125732
0.00992393493652344
0.0100020170211792
0.00995194911956787
0.0100600719451904
0.0102050304412842
0.00966298580169678
0.0103049278259277
0.0099179744720459
0.0101441144943237
0.00951194763183594
0.00992405414581299
0.00999093055725098
0.0101959705352783
0.00987708568572998
0.0101629495620728
0.00989305973052978
0.0100638866424561
0.0100370645523071
0.00998902320861816
0.0100629329681396
0.00987601280212402
0.00989997386932373
0.0100110769271851
0.0100809335708618
0.00988507270812988
0.00994992256164551
0.00989103317260742
0.0104429721832275
0.00974500179290772
0.0101170539855957
0.00984394550323486
0.00985002517700195
0.0100380182266235
0.00993800163269043
0.0100350379943848
0.00995099544525146
0.00994992256164551
0.0102130174636841
0.00984597206115723
0.0129880905151367
0.00694501399993896
0.0102459192276001
0.0100290775299072
0.00967490673065186
0.0102239847183228
0.0104260444641113
0.00958406925201416
0.0100079774856567
0.0101770162582397
0.0097498893737793
0.0102030038833618
0.0105990171432495
0.00889301300048828
0.0101010799407959
0.0100939273834229
0.00966000556945801
0.0100280046463013
0.00996303558349609
0.0101360082626343
0.00976300239562988
0.0101540088653564
0.00981795787811279
0.0100710391998291
0.00989699363708496
0.0101019144058228
0.0097121000289917
0.0101839303970337
0.00979697704315186
0.0102059841156006
0.00986909866333008
0.022150993347168
0.000978946685791016
0.00666999816894531
0.0102930068969727
0.010045051574707
0.00988495349884033
0.0100300312042236
0.00979495048522949
0.0101760625839233
0.0098189115524292
0.0101240873336792
0.00987696647644043
0.0100630521774292
0.00989794731140137
0.0100749731063843
0.00990498065948486
0.0101190805435181
0.00992894172668457
0.00997304916381836
0.00998091697692871
0.0100229978561401
0.0138020515441895
0.00622498989105225
0.00982999801635742
0.0100439786911011
0.00985109806060791
0.0099949836730957
0.0099409818649292
0.0101169347763062
0.00996100902557373
0.0101480484008789
0.0099109411239624
0.0100290775299072
0.0099339485168457
0.0101590156555176
0.00973200798034668
0.0102059841156006
0.00995004177093506
0.0100589990615845
0.00969099998474121
0.010673999786377
0.00939202308654785
0.0100688934326172
0.0100120306015015
0.010187029838562
0.00980603694915772
0.0102219581604004
0.00983893871307373
0.00999605655670166
0.00991296768188477
0.0101240873336792
0.00980699062347412
0.0102299451828003
0.00982999801635742
0.0101820230484009
0.00977194309234619
0.0109690427780151
0.00917601585388184
0.0101529359817505
0.00994300842285156
0.00997698307037354
0.00998401641845703
0.00985598564147949
0.00990808010101318
0.0101690292358398
0.00981998443603516
0.0101619958877563
0.0101109743118286
0.00975000858306885
0.0100239515304565
0.00991308689117432
0.00993192195892334
0.0101790428161621
0.00981903076171875
0.0102709531784058
0.00975799560546875
0.00994694232940674
0.0101380348205566
0.00991106033325195
0.0101789236068726
0.00995898246765137
0.0165671110153198
0.00364696979522705
0.0095829963684082
0.00998902320861816
0.00999891757965088
0.00993800163269043
0.010269045829773
0.00989997386932373
0.0099869966506958
0.00973904132843018
0.010113000869751
0.0100089311599731
0.00982010364532471
0.0101670026779175
0.0098949670791626
0.0099949836730957
0.0099419355392456
0.0099790096282959
0.0101200342178345
0.00996303558349609
0.0101319551467896
0.00993001461029053
0.00974297523498535
0.0101730823516846
0.00988900661468506
0.0101289749145508
0.0100899934768677
0.00994300842285156
0.00981700420379639
0.00999093055725098
0.00992703437805176
0.0100289583206177
0.0102270841598511
0.00992691516876221
0.00971698760986328
0.00994205474853516
0.00991702079772949
0.0100280046463013
0.00999200344085693
0.0100349187850952
0.00999104976654053
0.0099639892578125
0.00997006893157959
0.00993096828460693
0.0100250244140625
0.0099489688873291
0.0102649927139282
0.00992894172668457
0.00992107391357422
0.0099799633026123
0.0101310014724731
0.0100669860839844
0.00982296466827393
0.00996208190917969
0.0099409818649292
0.0100729465484619
0.0100359916687012
0.00989401340484619
0.0100650787353516
0.00988399982452393
0.0100769996643066
0.00994300842285156
0.0099719762802124
0.0102479457855225
0.010106086730957
0.00962591171264648
0.0100370645523071
0.00979900360107422
0.0100100040435791
0.0100799798965454
0.0100269317626953
0.00985109806060791
0.00999999046325684
0.0102169513702393
0.00988495349884033
0.0101910829544067
0.00988602638244629
0.00996291637420654
0.0101120471954346
0.00996100902557373
0.0100899934768677
0.00975799560546875
0.0098639726638794
0.0102009773254395
0.0101110935211182
0.00990200042724609
0.00987792015075684
0.0102120637893677
0.00993096828460693
0.0101419687271118
0.00990402698516846
0.00982403755187988
0.00978195667266846
0.0100419521331787
0.0100120306015015
0.0099639892578125
0.010004997253418
0.00996208190917969
0.0100429058074951
0.00994908809661865
0.0102128982543945
0.0100040435791016
0.00981903076171875
0.00986993312835693
0.00987100601196289
0.0100960731506348
0.0100409984588623
0.00988996028900146
0.0101690292358398
0.009956955909729
0.00980603694915772
0.0100619792938232
0.00985503196716309
0.0101230144500732
0.010077953338623
0.0100010633468628
0.00999689102172852
0.00987601280212402
0.0102890729904175
0.00967395305633545
0.00999903678894043
0.0102590322494507
0.00968599319458008
0.0100959539413452
0.0101120471954346
0.00979292392730713
0.0101720094680786
0.00972402095794678
0.0102570056915283
0.00973701477050781
0.0100280046463013
0.00994992256164551
0.0101650953292847
0.0098949670791626
0.00996494293212891
0.0100040435791016
0.00995898246765137
0.0100010633468628
0.0101479291915894
0.00977003574371338
0.0100090503692627
0.0099179744720459
0.00999295711517334
0.0101020336151123
0.0099339485168457
0.00991904735565186
0.0103130340576172
0.00971090793609619
0.0107460021972656
0.00922608375549316
0.00997591018676758
0.0102239847183228
0.00975406169891357
0.0100870132446289
0.00993001461029053
0.00996696949005127
0.0102009773254395
0.00980305671691894
0.00996494293212891
0.00988805294036865
0.0100529193878174
0.00994300842285156
0.00996506214141846
0.010098934173584
0.00992202758789062
0.0100580453872681
0.0101089477539062
0.00979804992675781
0.0100820064544678
0.0100679397583008
0.00992298126220703
0.00988101959228516
0.0099560022354126
0.0101610422134399
0.0100109577178955
0.00980401039123535
0.0100420713424683
0.00989890098571777
0.0103150606155396
0.00973701477050781
0.0100009441375732
0.0101000070571899
0.00981795787811279
0.0101020336151123
0.00985801219940186
0.0100409984588623
0.0101009607315063
0.00985503196716309
0.0101419687271118
0.00987100601196289
0.00995802879333496
0.00997698307037354
0.00993502140045166
0.0101569890975952
0.00981497764587402
0.0101521015167236
0.00995397567749023
0.0098649263381958
0.0100840330123901
0.0100170373916626
0.00991499423980713
0.0103189945220947
0.00982296466827393
0.00977206230163574
0.0098109245300293
0.0102900266647339
0.00996899604797363
0.00991904735565186
0.0100369453430176
0.0101540088653564
0.00986206531524658
0.0100439786911011
0.00978493690490723
0.0100420713424683
0.00984001159667969
0.0101239681243896
0.0100939273834229
0.00992405414581299
0.0099639892578125
0.0101100206375122
0.0100409984588623
0.00992798805236816
0.0102920532226562
0.00956499576568604
0.0101289749145508
0.00989794731140137
0.0101289749145508
0.00982701778411865
0.0102070569992065
0.00968801975250244
0.0103409290313721
0.00975596904754639
0.0100550651550293
0.00985801219940186
0.0101029872894287
0.00991702079772949
0.0100569725036621
0.00995802879333496
0.010051965713501
0.00975501537322998
0.0103830099105835
0.00981295108795166
0.00977098941802978
0.0103110074996948
0.00994706153869629
0.00989997386932373
0.0100560188293457
0.00978302955627441
0.0100959539413452
0.0100829601287842
0.00995898246765137
0.0100851058959961
0.00970697402954102
0.0101150274276733
0.0098419189453125
0.0104210376739502
0.00977098941802978
0.00983297824859619
0.0099869966506958
0.00995802879333496
0.010017991065979
0.0099719762802124
0.00984597206115723
0.0100210905075073
0.0100219249725342
0.0101450681686401
0.00982499122619629
0.0100809335708618
0.0100350379943848
0.00982296466827393
0.0100840330123901
0.0100350379943848
0.0100259780883789
0.00995504856109619
0.00979089736938477
0.0101079940795898
0.0100440979003906
0.0099639892578125
0.0100879669189453
0.0099560022354126
0.00998997688293457
0.00995504856109619
0.0099480152130127
0.010017991065979
0.00987398624420166
0.0100339651107788
0.0102360248565674
0.00978004932403564
0.0100299119949341
0.00989699363708496
0.010045051574707
0.00990593433380127
0.00991201400756836
0.0101310014724731
0.00998401641845703
0.0100079774856567
0.00997805595397949
0.0101209878921509
0.00985598564147949
0.00994205474853516
0.0101399421691895
0.0116389989852905
0.00837302207946777
0.00986504554748535
0.00966989994049072
0.0102260112762451
0.00999999046325684
0.00993907451629639
0.0100529193878174
0.0102100372314453
0.00988304615020752
0.00982892513275146
0.0100070238113403
0.0101580619812012
0.0100299119949341
0.00979399681091309
0.00993001461029053
0.0100280046463013
0.010004997253418
0.00993704795837402
0.0100549459457397
0.0106250047683716
0.00939404964447022
0.00998902320861816
0.00985991954803467
0.00993001461029053
0.00999701023101807
0.010295033454895
0.0099250078201294
0.0100250244140625
0.00989389419555664
0.00994706153869629
0.00991404056549072
0.0102570056915283
0.00991296768188477
0.009909987449646
0.00989794731140137
0.0100010633468628
0.00992298126220703
0.0100899934768677
0.00995004177093506
0.0099869966506958
0.0099179744720459
0.0101100206375122
0.0098879337310791
0.00996899604797363
0.0100860595703125
0.0101809501647949
0.0097430944442749
0.00988590717315674
0.0100539922714233
0.0100580453872681
0.00989603996276856
0.0100139379501343
0.00991201400756836
0.0100369453430176
0.0103060007095337
0.00972902774810791
0.00992000102996826
0.00998806953430176
0.0100729465484619
0.00998306274414062
0.00990891456604004
0.0100129842758179
0.00996005535125732
0.0099869966506958
0.0101369619369507
0.00998198986053467
0.0100250244140625
0.00989103317260742
0.00996899604797363
0.0101380348205566
0.0098109245300293
0.0099860429763794
0.00998294353485107
0.00997006893157959
0.0100629329681396
0.0100070238113403
0.0101079940795898
0.00973808765411377
0.0100769996643066
0.00986790657043457
0.00998306274414062
0.0101100206375122
0.0098949670791626
0.0103069543838501
0.00979197025299072
0.00992703437805176
0.0100430250167847
0.00992894172668457
0.0100769996643066
0.00997304916381836
0.0099179744720459
0.0100350379943848
0.00985503196716309
0.0101679563522339
0.010064959526062
0.00990402698516846
0.0100100040435791
0.00975203514099121
0.0101349353790283
0.0110360383987427
0.00907003879547119
0.00967299938201904
0.0099940299987793
0.0101869106292725
0.0100209712982178
0.0102370977401733
0.00956094264984131
0.0101170539855957
0.0101799964904785
0.00978100299835205
0.0099480152130127
0.0100489854812622
0.00986790657043457
0.0101081132888794
0.00992488861083984
0.0101920366287231
0.0098639726638794
0.00989902019500732
0.00992906093597412
0.0102059841156006
0.0100209712982178
0.00991499423980713
0.00978195667266846
0.0101330280303955
0.00988602638244629
0.0100270509719849
0.0102469921112061
0.00965893268585205
0.010269045829773
0.00976300239562988
0.00998997688293457
0.0102390050888062
0.0100810527801514
0.00961697101593018
0.0101249217987061
0.00991606712341309
0.00999295711517334
0.00988507270812988
0.0102059841156006
0.00975799560546875
0.0100699663162231
0.00992298126220703
0.0099329948425293
0.01021409034729
0.00999796390533447
0.0100399255752563
0.00986802577972412
0.00976002216339111
0.0102390050888062
0.0100259780883789
0.0100040435791016
0.00986802577972412
0.00990891456604004
0.0102550983428955
0.00975394248962402
0.0100259780883789
0.0100530385971069
0.00977694988250732
0.0101660490036011
0.00984799861907959
0.0100280046463013
0.0100849866867065
0.0099560022354126
0.0099329948425293
0.00996601581573486
0.0100979804992676
0.00985705852508545
0.0099329948425293
0.0104249715805054
0.00998997688293457
0.00994205474853516
0.010016918182373
0.00968897342681885
0.0100120306015015
0.0103180408477783
0.0098259449005127
0.00994205474853516
0.00978899002075195
0.0101900100708008
0.0101499557495117
0.00984001159667969
0.00989902019500732
0.00989997386932373
0.0100060701370239
0.00994491577148438
0.0100600719451904
0.0100729465484619
0.0100140571594238
0.0100018978118896
0.00971806049346924
0.0101100206375122
0.0099419355392456
0.0105490684509277
0.00948500633239746
0.00990092754364014
0.0100769996643066
0.0101610422134399
0.00981402397155762
0.0102479457855225
0.0130820274353027
0.00647199153900146
0.0099790096282959
0.0100569725036621
0.0102180242538452
0.0100810527801514
0.0099250078201294
0.0100998878479004
0.00967299938201904
0.0100200176239014
0.00992107391357422
0.0100089311599731
0.0100170373916626
0.0100690126419067
0.00996696949005127
0.00986003875732422
0.0100610256195068
0.0098879337310791
0.0100420713424683
0.0100139379501343
0.0100909471511841
0.0100470781326294
0.00989401340484619
0.00985991954803467
0.00985610485076904
0.009895920753479
0.0100970268249512
0.0103729963302612
0.0100389719009399
0.00951600074768066
0.0101460218429565
0.0101629495620728
0.00979399681091309
0.009971022605896
0.0101360082626343
0.0101289749145508
0.0097430944442749
0.0100269317626953
0.00992798805236816
0.0101040601730347
0.00980901718139648
0.0101379156112671
0.00997304916381836
0.0102130174636841
0.00984299182891846
0.00983095169067383
0.00986897945404053
0.0104420185089111
0.0096430778503418
0.0103039741516113
0.00968897342681885
0.0100950002670288
0.0100929737091064
0.00972509384155273
0.0101509094238281
0.00979101657867432
0.0102779865264893
0.0100020170211792
0.00979399681091309
0.0100730657577515
0.0098268985748291
0.0100750923156738
0.0100020170211792
0.00999689102172852
0.00996208190917969
0.00987899303436279
0.0100699663162231
0.0101280212402344
0.00980603694915772
0.0101048946380615
0.0101801156997681
0.00987398624420166
0.00980699062347412
0.0100070238113403
0.00998795032501221
0.00993001461029053
0.0100699663162231
0.0101000070571899
0.00983905792236328
0.0100109577178955
0.00991404056549072
0.0100769996643066
0.00989091396331787
0.00992608070373535
0.0101789236068726
0.00989806652069092
0.0100330114364624
0.0098809003829956
0.0100110769271851
0.0100319385528564
0.0102270841598511
0.00972199440002441
0.0099799633026123
0.0100699663162231
0.0101120471954346
0.00977802276611328
0.0100749731063843
0.00986194610595703
0.0100589990615845
0.01021409034729
0.0124449729919434
0.00758099555969238
0.00976896286010742
0.00987100601196289
0.00999200344085693
0.0100070238113403
0.0102449655532837
0.00995099544525146
0.00986802577972412
0.0099639892578125
0.00990796089172363
0.0101070404052734
0.00990796089172363
0.00999903678894043
0.0100059509277344
0.00989806652069092
0.0100350379943848
0.0100449323654175
0.00985300540924072
0.0100849866867065
0.00994300842285156
0.0102300643920898
0.00990498065948486
0.00986194610595703
0.00992298126220703
0.00990903377532959
0.0101180076599121
0.0101300477981567
0.00992298126220703
0.009956955909729
0.00994503498077393
0.0100289583206177
0.00998008251190186
0.00995194911956787
0.0100220441818237
0.00979995727539062
0.0100979804992676
0.0101230144500732
0.00984096527099609
0.0100780725479126
0.0098639726638794
0.0100809335708618
0.0100700855255127
0.00985193252563477
0.0100240707397461
0.0099409818649292
0.0100209712982178
0.0100370645523071
0.0101909637451172
0.00974893569946289
0.00995099544525146
0.0101960897445679
0.00995302200317383
0.00983798503875732
0.00993597507476807
0.0100510120391846
0.0100659132003784
0.0100280046463013
0.00974202156066894
0.0100730657577515
0.00989294052124023
0.0103060007095337
0.00999104976654053
0.00982892513275146
0.0099329948425293
0.0100060701370239
0.0101659297943115
0.00985407829284668
0.00985300540924072
0.0101789236068726
0.00972199440002441
0.0101550817489624
0.00980591773986816
0.0100890398025513
0.00991606712341309
0.010024905204773
0.0100260972976685
0.0102109909057617
0.00986695289611816
0.0100109577178955
0.00982499122619629
0.0101470947265625
0.00975799560546875
0.0102529525756836
0.00981903076171875
0.0100439786911011
0.0100040435791016
0.0099790096282959
0.00986599922180176
0.0101519823074341
0.00979602336883545
0.0101209878921509
0.0099790096282959
0.0100699663162231
0.00988292694091797
0.00995206832885742
0.0102699995040894
0.0100539922714233
0.00968301296234131
0.0100619792938232
0.0150129795074463
0.00506901741027832
0.00983595848083496
0.0100849866867065
0.00982201099395752
0.0100300312042236
0.0099250078201294
0.0104800462722778
0.00948095321655273
0.0104080438613892
0.00955092906951904
0.00961506366729736
0.0102579593658447
0.0100209712982178
0.0099409818649292
0.01009202003479
0.0100030899047852
0.010051965713501
0.00974893569946289
0.0101990699768066
0.00982701778411865
0.0102899074554443
0.00967800617218018
0.0100409984588623
0.00988602638244629
0.0099799633026123
0.010200023651123
0.0102400779724121
0.00973999500274658
0.0100020170211792
0.00992000102996826
0.0101039409637451
0.00995194911956787
0.0101850032806396
0.00971710681915283
0.0101089477539062
0.00991296768188477
0.010233998298645
0.00973701477050781
0.0100240707397461
0.00996088981628418
0.0100769996643066
0.00989007949829102
0.010138988494873
0.00990903377532959
0.00999999046325684
0.0101720094680786
0.00969099998474121
0.0103830099105835
0.00975894927978516
0.00994598865509033
0.00996100902557373
0.0101490020751953
0.00987303256988525
0.00992000102996826
0.00995898246765137
0.0100870132446289
0.00994396209716797
0.0100820064544678
0.00990605354309082
0.0100269317626953
0.0100040435791016
0.00985002517700195
0.0100198984146118
0.0100530385971069
0.00994706153869629
0.0101019144058228
0.00974702835083008
0.0101100206375122
0.00993895530700684
0.00995397567749023
0.0100570917129517
0.00993192195892334
0.0100409984588623
0.00999999046325684
0.00988006591796875
0.0101560354232788
0.0100439786911011
0.00990498065948486
0.00989103317260742
0.00998997688293457
0.0101039409637451
0.00986707210540772
0.0101209878921509
0.00986802577972412
0.00998091697692871
0.0101000070571899
0.00982105731964111
0.0101050138473511
0.00994300842285156
0.0100109577178955
0.00998902320861816
0.00995397567749023
0.0101349353790283
0.00987100601196289
0.00989401340484619
0.0101280212402344
0.00985503196716309
0.0101069211959839
0.0099250078201294
0.015936017036438
0.0043100118637085
0.00993001461029053
0.00985896587371826
0.00977301597595215
0.0101360082626343
0.0101280212402344
0.00987100601196289
0.0101209878921509
0.00982701778411865
0.0100339651107788
0.00989997386932373
0.00991106033325195
0.0100829601287842
0.00996899604797363
0.0101350545883179
0.0099339485168457
0.00994598865509033
0.00998306274414062
0.0099799633026123
0.0100070238113403
0.010079026222229
0.00985097885131836
0.0101699829101562
0.00987493991851807
0.00990903377532959
0.0100749731063843
0.0101250410079956
0.00982105731964111
0.00996100902557373
0.0100879669189453
0.00986695289611816
0.00985002517700195
0.0102330446243286
0.0100969076156616
0.00977504253387451
0.00994300842285156
0.0100300312042236
0.0099790096282959
0.0104739665985107
0.00946593284606934
0.0100030899047852
0.0099639892578125
0.010066032409668
0.0100209712982178
0.00993096828460693
0.00999200344085693
0.00989401340484619
0.0101670026779175
0.0100679397583008
0.00978803634643555
0.0100640058517456
0.00987100601196289
0.0101579427719116
0.00999605655670166
0.0100270509719849
0.0099179744720459
0.0099419355392456
0.00996601581573486
0.00988900661468506
0.01009202003479
0.0099940299987793
0.00979697704315186
0.0101709365844727
0.0100010633468628
0.00993204116821289
0.0101809501647949
0.00998401641845703
0.0100759267807007
0.00987303256988525
0.00997006893157959
0.0100209712982178
0.00985395908355713
0.0100029706954956
0.0100730657577515
0.00984096527099609
0.00996899604797363
0.0100430250167847
0.0101460218429565
0.00980401039123535
0.0100139379501343
0.0100150108337402
0.00983107089996338
0.0101039409637451
0.0100400447845459
0.00988590717315674
0.0100830793380737
0.00997602939605713
0.00998294353485107
0.0101040601730347
0.00993692874908447
0.0099639892578125
0.00982201099395752
0.0102800130844116
0.00981700420379639
0.00982797145843506
0.010146975517273
0.00988101959228516
0.0101090669631958
0.0101169347763062
0.00994205474853516
0.0102429389953613
0.00979900360107422
0.00980198383331299
0.00978803634643555
0.0100970268249512
0.010138988494873
0.00980103015899658
0.0101369619369507
0.0100860595703125
0.00978291034698486
0.0100079774856567
0.00995099544525146
0.0100880861282349
0.00999295711517334
0.00979101657867432
0.0101959705352783
0.00980007648468018
0.0102769136428833
0.00986707210540772
0.00999796390533447
0.0101510286331177
0.00966799259185791
0.0100799798965454
0.0100029706954956
0.0102189779281616
0.0100840330123901
0.00975000858306885
0.0101180076599121
0.00980496406555176
0.00998103618621826
0.0100389719009399
0.00982499122619629
0.0101680755615234
0.00992190837860107
0.00992703437805176
0.0100470781326294
0.00990593433380127
0.0100560188293457
0.0100350379943848
0.00993490219116211
0.0099869966506958
0.00983309745788574
0.0101629495620728
0.00985002517700195
0.0100319385528564
0.00998902320861816
0.0100280046463013
0.00996303558349609
0.00996994972229004
0.0103150606155396
0.00972592830657959
0.00987207889556885
0.0101770162582397
0.0101019144058228
0.0099639892578125
0.00994706153869629
0.00992298126220703
0.00991702079772949
0.00998592376708984
0.0100440979003906
0.00995194911956787
0.00988900661468506
0.0100870132446289
0.0099419355392456
0.010004997253418
0.00999903678894043
0.00985300540924072
0.0100460052490234
0.00996994972229004
0.0101560354232788
0.00990605354309082
0.00989699363708496
0.0100669860839844
0.00998795032501221
0.00992000102996826
0.0101450681686401
0.00979101657867432
0.0103729963302612
0.00969791412353516
0.0100330114364624
0.0100330114364624
0.00994002819061279
0.0100430250167847
0.00990092754364014
0.00998806953430176
0.0100339651107788
0.00989401340484619
0.010159969329834
0.00987803936004639
0.010017991065979
0.00995302200317383
0.00992894172668457
0.0101050138473511
0.00998497009277344
0.00985705852508545
0.0100229978561401
0.00987398624420166
0.0101549625396729
0.00991702079772949
0.0100600719451904
0.0103049278259277
0.00981402397155762
0.00978195667266846
0.00991606712341309
0.010301947593689
0.00981700420379639
0.010004997253418
0.0100150108337402
0.01009202003479
0.00980603694915772
0.00999593734741211
0.0102930068969727
0.00979197025299072
0.0097740888595581
0.0100419521331787
0.00996601581573486
0.00989997386932373
0.0102269649505615
0.00974702835083008
0.0101350545883179
0.0100549459457397
0.00983202457427978
0.0101180076599121
0.0100129842758179
0.0098639726638794
0.00999104976654053
0.0100330114364624
0.0100729465484619
0.00978803634643555
0.0101569890975952
0.00992202758789062
0.00996696949005127
0.0101380348205566
0.00978493690490723
0.0100290775299072
0.00994491577148438
0.0100420713424683
0.0100699663162231
0.00993800163269043
0.0102460384368896
0.00968492031097412
0.0100259780883789
0.01009202003479
0.00976407527923584
0.0101410150527954
0.00990498065948486
0.010064959526062
0.00995802879333496
0.0100740194320679
0.0101540088653564
0.00979697704315186
0.00984299182891846
0.0101089477539062
0.00983905792236328
0.010159969329834
0.00998997688293457
0.00982999801635742
0.0100020170211792
0.00995099544525146
0.010125994682312
0.00986099243164062
0.0101289749145508
0.00994706153869629
0.00997698307037354
0.010066032409668
0.0099329948425293
0.0099480152130127
0.0100239515304565
0.00988602638244629
0.0100289583206177
0.010019063949585
0.0100609064102173
0.00990903377532959
0.00991106033325195
0.0100299119949341
0.0100070238113403
0.00991404056549072
0.0102720260620117
0.00975096225738525
0.0101920366287231
0.00978696346282959
0.00998997688293457
0.0100480318069458
0.0099029541015625
0.0103700160980225
0.00973498821258545
0.00995504856109619
0.00991404056549072
0.00994396209716797
0.0100150108337402
0.0099719762802124
0.00991499423980713
0.010146975517273
0.00990498065948486
0.0100229978561401
0.00997805595397949
0.0102559328079224
0.00989806652069092
0.00999999046325684
0.00992298126220703
0.0112069845199585
0.00881803035736084
0.00981402397155762
0.00980198383331299
0.0103909969329834
0.00978696346282959
0.00994205474853516
0.0100339651107788
0.00992906093597412
0.0101659297943115
0.0100979804992676
0.00981509685516357
0.00996291637420654
0.0098869800567627
0.0101330280303955
0.00989007949829102
0.010146975517273
0.0098649263381958
0.00983905792236328
0.010138988494873
0.00991201400756836
0.0101799964904785
0.0100089311599731
0.00967800617218018
0.0101360082626343
0.0099250078201294
0.0100749731063843
0.0101650953292847
0.00981795787811279
0.00995802879333496
0.0099109411239624
0.00991606712341309
0.0101460218429565
0.010138988494873
0.0099639892578125
0.00980091094970703
0.00993704795837402
0.010017991065979
0.0098869800567627
0.0101310014724731
0.0100730657577515
0.00981700420379639
0.0100629329681396
0.0099409818649292
0.0100541114807129
0.00995099544525146
0.00998890399932861
0.010079026222229
0.00982105731964111
0.0101189613342285
0.0101439952850342
0.00985205173492432
0.0101149082183838
0.0100690126419067
0.00974905490875244
0.00992095470428467
0.0100690126419067
0.0100020170211792
0.0098639726638794
0.0101079940795898
0.0099329948425293
0.00992906093597412
0.0101839303970337
0.0101079940795898
0.0100620985031128
0.00978696346282959
0.0098869800567627
0.010172963142395
0.0096590518951416
0.0101039409637451
0.0100910663604736
0.0098029375076294
0.0102699995040894
0.00999104976654053
0.00983095169067383
0.00989305973052978
0.0100419521331787
0.0102239847183228
0.00971901416778564
0.010106086730957
0.00983798503875732
0.0099790096282959
0.00999295711517334
0.00998103618621826
0.0103479623794556
0.00978100299835205
0.00987803936004639
0.0100319385528564
0.00993704795837402
0.00997698307037354
0.0100899934768677
0.00976300239562988
0.0101850032806396
0.00985598564147949
0.0101519823074341
0.00995099544525146
0.00991702079772949
0.0100359916687012
0.00989902019500732
0.0100530385971069
0.0103449821472168
0.00973701477050781
0.00987899303436279
0.00965797901153564
0.0102099180221558
0.0101300477981567
0.00992405414581299
0.0101169347763062
0.00995707511901856
0.00995492935180664
0.00984406471252441
0.0101369619369507
0.00995504856109619
0.00985896587371826
0.0101299285888672
0.00984609127044678
0.0100569725036621
0.00995194911956787
0.0100079774856567
0.0100440979003906
0.00990593433380127
0.0102170705795288
0.009909987449646
0.0100319385528564
0.00998103618621826
0.00992798805236816
0.009956955909729
0.0101460218429565
0.00971901416778564
0.0101289749145508
0.00990402698516846
0.00994002819061279
0.0100170373916626
0.0100389719009399
0.0100189447402954
0.00988197326660156
0.010282039642334
0.00979602336883545
0.00986504554748535
0.0100939273834229
0.00997304916381836
0.0102039575576782
0.00979197025299072
0.00980901718139648
0.010138988494873
0.00988602638244629
0.0101009607315063
0.00993502140045166
0.00983202457427978
0.0101720094680786
0.0102390050888062
0.00969803333282471
0.00996100902557373
0.00992989540100098
0.0100620985031128
0.00995492935180664
0.0100630521774292
0.00996100902557373
0.0099560022354126
0.0101720094680786
0.00983893871307373
0.00997006893157959
0.0100129842758179
0.009909987449646
0.0100640058517456
0.00993192195892334
0.0100040435791016
0.0100109577178955
0.00990009307861328
0.0100669860839844
0.00996100902557373
0.0101249217987061
0.00985097885131836
0.00992202758789062
0.0101150274276733
0.00984096527099609
0.0100880861282349
0.0101279020309448
0.00983107089996338
0.0100719928741455
0.00992202758789062
0.00996994972229004
0.00999796390533447
0.00994503498077393
0.0100829601287842
0.00992906093597412
0.0100269317626953
0.0100010633468628
0.0100940465927124
0.00987088680267334
0.00998210906982422
0.0103509426116943
0.00964200496673584
0.00990903377532959
0.0100079774856567
0.00997698307037354
0.0101959705352783
0.00996804237365723
0.00967001914978027
0.0101809501647949
0.0118249654769897
0.00831103324890137
0.0097130537033081
0.00978398323059082
0.0103399753570557
0.00986099243164062
0.0100420713424683
0.0099719762802124
0.00999295711517334
0.0101289749145508
0.00996708869934082
0.00989699363708496
0.00999093055725098
0.00992107391357422
0.0100389719009399
0.00996899604797363
0.00997698307037354
0.00996196269989014
0.0100380182266235
0.00999200344085693
0.00998806953430176
0.010159969329834
0.00977194309234619
0.00992405414581299
0.0100150108337402
0.00994598865509033
0.0100530385971069
0.0101898908615112
0.00974810123443604
0.0100569725036621
0.0099719762802124
0.0100959539413452
0.00988101959228516
0.0100520849227905
0.00999188423156738
0.00989401340484619
0.0100460052490234
0.00991404056549072
0.00999796390533447
0.00996100902557373
0.00993001461029053
0.0101070404052734
0.0099790096282959
0.009909987449646
0.00998902320861816
0.0099799633026123
0.0101000070571899
0.0099109411239624
0.00986909866333008
0.0102258920669556
0.00983107089996338
0.0103579759597778
0.0096440315246582
0.010159969329834
0.00988101959228516
0.00989401340484619
0.00998401641845703
0.0103470087051392
0.00975298881530762
0.00992298126220703
0.00996792316436768

