0.01
0.0100239515304565
0.00984609127044678
0.0101850032806396
0.00981593132019043
0.010113000869751
0.0100029706954956
0.00988399982452393
0.0102170705795288
0.00989699363708496
0.010004997253418
0.01009202003479
0.0100889205932617
0.0106281042098999
0.0095909833908081
0.00971901416778564
0.010016918182373
0.01009202003479
0.0100079774856567
0.0101320743560791
0.010267972946167
0.00957798957824707
0.0100220441818237
0.0101989507675171
0.00987803936004639
0.0100799798965454
0.00982892513275146
0.0236070156097412
0.000172019004821777
0.00557804107666016
0.00997793674468994
0.0103670358657837
0.0100909471511841
0.0103440284729004
0.00974404811859131
0.010138988494873
0.0101310014724731
0.00975501537322998
0.0102219581604004
0.00980901718139648
0.0100079774856567
0.0101079940795898
0.00971901416778564
0.010159969329834
0.00983607769012451
0.0101079940795898
0.00993096828460693
0.00981605052947998
0.0103569030761719
0.0096580982208252
0.010132908821106
0.0101230144500732
0.00976598262786865
0.0101480484008789
0.00972902774810791
0.0102930068969727
0.0100089311599731
0.00997805595397949
0.0100510120391846
0.0096210241317749
0.0101859569549561
0.00998795032501221
0.00988101959228516
0.0101510286331177
0.00972998142242432
0.0101449489593506
0.0100940465927124
0.0100259780883789
0.0099949836730957
0.0096900463104248
0.0103000402450562
0.00972497463226318
0.0101159811019897
0.00997805595397949
0.00966989994049072
0.0101031064987183
0.00998890399932861
0.00995206832885742
0.0103089809417725
0.00979197025299072
0.00995504856109619
0.00986695289611816
0.0100489854812622
0.0101150274276733
0.00974094867706299
0.0100280046463013
0.0101550817489624
0.00987493991851807
0.0101450681686401
0.00975692272186279
0.0100229978561401
0.00997507572174072
0.00998294353485107
0.0100650787353516
0.0100709199905396
0.00984203815460205
0.00990700721740723
0.0101319551467896
0.00998103618621826
0.0099419355392456
0.00996506214141846
0.0100159645080566
0.0101779699325562
0.0100510120391846
0.00965702533721924
0.0100910663604736
0.010159969329834
0.00996601581573486
0.00982499122619629
0.0100280046463013
0.0098719596862793
0.0100899934768677
0.0099560022354126
0.0100879669189453
0.00987899303436279
0.010200023651123
0.00989508628845215
0.00987088680267334
0.0100780725479126
0.00979900360107422
0.0101189613342285
0.0100359916687012
0.010138988494873
0.0099329948425293
0.0097050666809082
0.0101410150527954
0.00992190837860107
0.0116070508956909
0.00856006145477295
0.00961399078369141
0.0100688934326172
0.0100810527801514
0.0100409984588623
0.0100870132446289
0.00977802276611328
0.0100709199905396
0.0100980997085571
0.00982093811035156
0.0101059675216675
0.00983905792236328
0.0100259780883789
0.0100289583206177
0.0100280046463013
0.00995099544525146
0.00989508628845215
0.010051965713501
0.0100760459899902
0.00985491275787354
0.0102130174636841
0.00974607467651367
0.0100868940353394
0.0100830793380737
0.00984799861907959
0.0099639892578125
0.00994002819061279
0.0102819204330444
0.00983500480651856
0.00987303256988525
0.0101120471954346
0.00986194610595703
0.0101220607757568
0.00986289978027344
0.00992405414581299
0.0100359916687012
0.0099329948425293
0.0102970600128174
0.0100009441375732
0.00972402095794678
0.0101169347763062
0.00985205173492432
0.0111310482025146
0.00897395610809326
0.0101579427719116
0.00976204872131348
0.00994205474853516
0.00993692874908447
0.0100439786911011
0.00991702079772949
0.0100280046463013
0.00990104675292969
0.0101199150085449
0.00996708869934082
0.0100820064544678
0.00990498065948486
0.00996494293212891
0.00995504856109619
0.0101239681243896
0.0101339817047119
0.00982904434204102
0.00988602638244629
0.00992393493652344
0.0100460052490234
0.0100389719009399
0.00994110107421875
0.00989091396331787
0.0101550817489624
0.00999200344085693
0.0099250078201294
0.00996291637420654
0.00993597507476807
0.0100440979003906
0.0100269317626953
0.00996804237365723
0.010138988494873
0.00983297824859619
0.00995898246765137
0.00998497009277344
0.00996303558349609
0.00999701023101807
0.0099409818649292
0.0100990533828735
0.0100079774856567
0.00992298126220703
0.0100029706954956
0.0101710557937622
0.00984704494476318
0.0100148916244507
0.00990200042724609
0.0100160837173462
0.00994598865509033
0.0101610422134399
0.00989389419555664
0.0101600885391235
0.00988292694091797
0.0101320743560791
0.00976896286010742
0.0100940465927124
0.012097954750061
0.00776898860931396
0.00991594791412354
0.00989103317260742
0.00987207889556885
0.0102839469909668
0.0099719762802124
0.0099259614944458
0.0100760459899902
0.00986897945404053
0.0100259780883789
0.00995004177093506
0.01003098487854
0.00996100902557373
0.00992798805236816
0.0101699829101562
0.00996303558349609
0.00981795787811279
0.0101070404052734
0.0103620290756226
0.00966894626617432
0.0100669860839844
0.00977206230163574
0.0100489854812622
0.00984704494476318
0.010233998298645
0.0100950002670288
0.0100089311599731
0.00980401039123535
0.00983607769012451
0.00988888740539551
0.0101250410079956
0.00995504856109619
0.0101079940795898
0.00984394550323486
0.0100719928741455
0.0100799798965454
0.00993001461029053
0.00988805294036865
0.010233998298645
0.009848952293396
0.00988209247589111
0.00999891757965088
0.0101310014724731
0.00982105731964111
0.0102589130401611
0.00984907150268555
0.00995302200317383
0.00998497009277344
0.0099790096282959
0.00994002819061279
0.0100529193878174
0.00988304615020752
0.0100589990615845
0.00995492935180664
0.0100420713424683
0.00995099544525146
0.00998294353485107
0.00992405414581299
0.0100990533828735
0.0100229978561401
0.00997292995452881
0.00992703437805176
0.0101219415664673
0.00984799861907959
0.0101280212402344
0.00995004177093506
0.0100569725036621
0.0100120306015015
0.00984096527099609
0.0101109743118286
0.00993704795837402
0.00989794731140137
0.0099639892578125
0.00989603996276856
0.0100070238113403
0.0101339817047119
0.009956955909729
0.0100060701370239
0.00993192195892334
0.00995409488677978
0.00996899604797363
0.0099639892578125
0.010111927986145
0.0100010633468628
0.00996196269989014
0.0100430250167847
0.00988101959228516
0.0100599527359009
0.00990200042724609
0.0100259780883789
0.00997602939605713
0.0100330114364624
0.0099869966506958
0.00986802577972412
0.010221004486084
0.00981295108795166
0.00989305973052978
0.0100070238113403
0.00998997688293457
0.0099799633026123
0.0102020502090454
0.00975990295410156
0.0100300312042236
0.00979506969451904
0.0102829933166504
0.00991594791412354
0.0100439786911011
0.00986897945404053
0.010017991065979
0.00991106033325195
0.00997698307037354
0.0100820064544678
0.0100040435791016
0.00988399982452393
0.0100549459457397
0.0110830068588257
0.00893306732177734
0.00992298126220703
0.0100319385528564
0.00987303256988525
0.0102159976959229
0.0099029541015625
0.0101420879364014
0.00969696044921875
0.0101150274276733
0.00998091697692871
0.0101720094680786
0.00982201099395752
0.00991404056549072
0.0100569725036621
0.0100669860839844
0.00981307029724121
0.0101449489593506
0.00979804992675781
0.0101099014282227
0.00997400283813477
0.00998008251190186
0.00992691516876221
0.0100690126419067
0.00985503196716309
0.010159969329834
0.00990903377532959
0.0101670026779175
0.00983500480651856
0.0102349519729614
0.00989103317260742
0.00995802879333496
0.00987398624420166
0.0100469589233398
0.00992310047149658
0.00995588302612305
0.00986909866333008
0.0103799104690552
0.00967502593994141
0.0101120471954346
0.00983798503875732
0.0100840330123901
0.0099489688873291
0.0100059509277344
0.0100150108337402
0.00999999046325684
0.00995099544525146
0.0101690292358398
0.00987601280212402
0.010051965713501
0.00989401340484619
0.0101749897003174
0.00963103771209717
0.0100740194320679
0.00999999046325684
0.0100009441375732
0.00982105731964111
0.0101959705352783
0.00980901718139648
0.0101430416107178
0.00983595848083496
0.0101269483566284
0.00988709926605225
0.00999796390533447
0.00998902320861816
0.0100809335708618
0.00978708267211914
0.0102239847183228
0.00977396965026856
0.0102379322052002
0.0102040767669678
0.00961196422576904
0.0101430416107178
0.00977993011474609
0.0100880861282349
0.0100269317626953
0.00985097885131836
0.010080099105835
0.00990200042724609
0.0102570056915283
0.00999295711517334
0.0100020170211792
0.00998902320861816
0.00977790355682373
0.0101209878921509
0.0107131004333496
0.00921392440795898
0.00985908508300781
0.0100029706954956
0.00986599922180176
0.010004997253418
0.0100719928741455
0.00995993614196777
0.00997006893157959
0.010077953338623
0.00983703136444092
0.0100840330123901
0.00991594791412354
0.00995504856109619
0.00984096527099609
0.0104750394821167
0.00982499122619629
0.0100679397583008
0.00988602638244629
0.0100619792938232
0.00997400283813477
0.0101419687271118
0.00981402397155762
0.0099489688873291
0.00971007347106934
0.00994598865509033
0.0103490352630615
0.00996899604797363
0.00996291637420654
0.0101200342178345
0.0100240707397461
0.0100829601287842
0.00987398624420166
0.00973200798034668
0.010098934173584
0.0103050470352173
0.00993096828460693
0.00980401039123535
0.0101310014724731
0.00979197025299072
0.0101240873336792
0.00985896587371826
0.0102620124816895
0.00998198986053467
0.00986802577972412
0.0100139379501343
0.0100849866867065
0.00993001461029053
0.00990104675292969
0.0100729465484619
0.00977098941802978
0.00997507572174072
0.00996899604797363
0.0101879835128784
0.0100580453872681
0.00980496406555176
0.00984597206115723
0.0100860595703125
0.00988197326660156
0.0101909637451172
0.00986206531524658
0.0100119113922119
0.0100520849227905
0.0100269317626953
0.00990402698516846
0.010113000869751
0.00976705551147461
0.0100619792938232
0.0101339817047119
0.00982797145843506
0.00993800163269043
0.00995898246765137
0.0102170705795288
0.0098419189453125
0.00995409488677978
0.0100799798965454
0.00991499423980713
0.00997292995452881
0.00992906093597412
0.0100219249725342
0.0100890398025513
0.00986504554748535
0.0100150108337402
0.00996196269989014
0.0101039409637451
0.00987601280212402
0.00999999046325684
0.00999701023101807
0.00989305973052978
0.0102369785308838
0.00969302654266357
0.0101490020751953
0.0100219249725342
0.00986504554748535
0.0102529525756836
0.00997400283813477
0.00996208190917969
0.00979793071746826
0.00986897945404053
0.0101619958877563
0.0123220682144165
0.00769698619842529
0.00979399681091309
0.00981402397155762
0.0102919340133667
0.00996208190917969
0.00996601581573486
0.0100369453430176
0.0100059509277344
0.00992703437805176
0.0100280046463013
0.0099949836730957
0.0101439952850342
0.00973403453826904
0.0101449489593506
0.00994110107421875
0.00995290279388428
0.0100620985031128
0.00985598564147949
0.0100709199905396
0.00988602638244629
0.0102170705795288
0.00983190536499023
0.00993502140045166
0.0101180076599121
0.00988197326660156
0.00999307632446289
0.0099329948425293
0.00996994972229004
0.0101059675216675
0.0101720094680786
0.00970101356506348
0.0100409984588623
0.00990307331085205
0.0100339651107788
0.00995504856109619
0.0102049112319946
0.00982201099395752
0.0100550651550293
0.0100399255752563
0.00992000102996826
0.01003098487854
0.00994598865509033
0.0101410150527954
0.00984799861907959
0.0101040601730347
0.00987803936004639
0.00991594791412354
0.00991702079772949
0.0101419687271118
0.00986897945404053
0.00993800163269043
0.0101020336151123
0.00987303256988525
0.0100879669189453
0.0100350379943848
0.00995492935180664
0.00992298126220703
0.00993704795837402
0.0100610256195068
0.00999593734741211
0.00990498065948486
0.0101670026779175
0.00992703437805176
0.00996100902557373
0.0100729465484619
0.00991404056549072
0.0100699663162231
0.0100361108779907
0.0101609230041504
0.00989305973052978
0.00972199440002441
0.00987100601196289
0.0100299119949341
0.0100409984588623
0.010045051574707
0.00992703437805176
0.0100200176239014
0.0099419355392456
0.0100849866867065
0.00987803936004639
0.0100419521331787
0.0100090503692627
0.010003924369812
0.00990509986877441
0.0101269483566284
0.00993204116821289
0.00983500480651856
0.0102169513702393
0.0098639726638794
0.0099860429763794
0.0100109577178955
0.0099790096282959
0.00988900661468506
0.0103759765625
0.00977706909179688
0.00981998443603516
0.0100560188293457
0.00989902019500732
0.0102059841156006
0.0100809335708618
0.00977301597595215
0.00994300842285156
0.00971806049346924
0.0102989673614502
0.00991404056549072
0.0100339651107788
0.010219931602478
0.00975000858306885
0.00998198986053467
0.00998198986053467
0.0101000070571899
0.00999307632446289
0.00984692573547363
0.0101300477981567
0.00988399982452393
0.0100530385971069
0.010017991065979
0.00994396209716797
0.0100029706954956
0.00986409187316894
0.0103099346160889
0.00982201099395752
0.00997805595397949
0.00987792015075684
0.010032057762146
0.00993692874908447
0.0100030899047852
0.0100429058074951
0.0100260972976685
0.00983691215515137
0.0103490352630615
0.00978803634643555
0.00994396209716797
0.0098639726638794
0.0102450847625732
0.00977599620819092
0.0100839138031006
0.0099949836730957
0.00991106033325195
0.0100109577178955
0.00993597507476807
0.0100131034851074
0.0100139379501343
0.0101920366287231
0.00973999500274658
0.00988197326660156
0.0100409984588623
0.0101020336151123
0.00998997688293457
0.0101289749145508
0.00984799861907959
0.0100200176239014
0.00987100601196289
0.0100840330123901
0.00992000102996826
0.00999593734741211
0.0100200176239014
0.0100209712982178
0.0100350379943848
0.010125994682312
0.0110249519348145
0.00888609886169434
0.00977098941802978
0.00985491275787354
0.00993502140045166
0.0101029872894287
0.0102180242538452
0.00984799861907959
0.0102280378341675
0.00995099544525146
0.00998997688293457
0.0099329948425293
0.00971996784210205
0.0101190805435181
0.00993692874908447
0.0103050470352173
0.00968194007873535
0.0101510286331177
0.0100669860839844
0.00990808010101318
0.00994598865509033
0.0101809501647949
0.00988304615020752
0.00988495349884033
0.00984096527099609
0.00994706153869629
0.0101280212402344
0.0099409818649292
0.010004997253418
0.00990700721740723
0.0101310014724731
0.00994503498077393
0.00992989540100098
0.0101500749588013
0.0098339319229126
0.00999009609222412
0.00992393493652344
0.0100250244140625
0.0100250244140625
0.0140889883041382
0.00592195987701416
0.00987803936004639
0.010111927986145
0.0100020170211792
0.0099639892578125
0.00996506214141846
0.00991296768188477
0.0099949836730957
0.00999903678894043
0.010077953338623
0.00995004177093506
0.0100419521331787
0.0100260972976685
0.0098569393157959
0.009971022605896
0.0101920366287231
0.00982797145843506
0.00996994972229004
0.0100150108337402
0.00995099544525146
0.0101170539855957
0.0101720094680786
0.00970399379730225
0.00997400283813477
0.0100669860839844
0.00989198684692383
0.00997793674468994
0.0100060701370239
0.010017991065979
0.00999999046325684
0.0100270509719849
0.0101299285888672
0.00973904132843018
0.0100380182266235
0.0100269317626953
0.00995099544525146
0.0100539922714233
0.00991809368133545
0.0099250078201294
0.00989091396331787
0.0101770162582397
0.0099489688873291
0.0102220773696899
0.00975596904754639
0.0101820230484009
0.00978100299835205
0.00989794731140137
0.0100650787353516
0.00996994972229004
0.00996196269989014
0.00998997688293457
0.00997710227966309
0.0100150108337402
0.00998497009277344
0.00998902320861816
0.0100419521331787
0.0100840330123901
0.00977993011474609
0.0100940465927124
0.00984597206115723
0.0103579759597778
0.00984907150268555
0.00993192195892334
0.00984108448028564
0.01003098487854
0.0101649761199951
0.0100140571594238
0.0099949836730957
0.0098719596862793
0.00989699363708496
0.0101159811019897
0.00989603996276856
0.00998902320861816
0.00989699363708496
0.00998997688293457
0.0100419521331787
0.00987505912780762
0.0101789236068726
0.00984406471252441
0.0100319385528564
0.0100250244140625
0.00993502140045166
0.0100129842758179
0.0100460052490234
0.00983500480651856
0.0101560354232788
0.0102440118789673
0.00984299182891846
0.00984501838684082
0.00994992256164551
0.00998103618621826
0.0100409984588623
0.00996196269989014
0.0100220441818237
0.0100959539413452
0.00978398323059082
0.00996601581573486
0.0100240707397461
0.0100929737091064
0.0135259628295898
0.00643002986907959
0.0099250078201294
0.00991404056549072
0.00981497764587402
0.0100669860839844
0.0103819370269775
0.00974500179290772
0.0100150108337402
0.00993907451629639
0.00992393493652344
0.0101560354232788
0.00991499423980713
0.010032057762146
0.00992298126220703
0.00990891456604004
0.0100820064544678
0.0099790096282959
0.0102289915084839
0.00992608070373535
0.00984692573547363
0.0100990533828735
0.00982296466827393
0.01003098487854
0.0099179744720459
0.0100710391998291
0.0100110769271851
0.009956955909729
0.00997292995452881
0.00999903678894043
0.00994503498077393
0.010004997253418
0.010138988494873
0.00992202758789062
0.0111089944839478
0.00881397724151611
0.00997495651245117
0.00993001461029053
0.00996208190917969
0.010138988494873
0.00989091396331787
0.0100290775299072
0.0099109411239624
0.0100100040435791
0.0100090503692627
0.0102030038833618
0.0099639892578125
0.0100799798965454
0.00962197780609131
0.0100849866867065
0.00991702079772949
0.0100370645523071
0.00982189178466797
0.0100990533828735
0.00996804237365723
0.0100449323654175
0.0100510120391846
0.00984704494476318
0.0102169513702393
0.00984597206115723
0.0100110769271851
0.010003924369812
0.00996506214141846
0.0100610256195068
0.0099339485168457
0.0100330114364624
0.010017991065979
0.00998198986053467
0.0100300312042236
0.00999701023101807
0.0100539922714233
0.0098799467086792
0.00976002216339111
0.0100060701370239
0.0101310014724731
0.00992095470428467
0.0101029872894287
0.00978994369506836
0.0100250244140625
0.0101159811019897
0.00995004177093506
0.0100769996643066
0.00978398323059082
0.0100240707397461
0.0100709199905396
0.00984001159667969
0.0102250576019287
0.00983691215515137
0.0100870132446289
0.00995707511901856
0.00980496406555176
0.0103060007095337
0.00989699363708496
0.00985705852508545
0.00984096527099609
0.0100460052490234
0.0101859569549561
0.00999307632446289
0.0101419687271118
0.00996994972229004
0.0108879804611206
0.00891208648681641
0.00974893569946289
0.0099949836730957
0.0100129842758179
0.0100229978561401
0.0101650953292847
0.00990390777587891
0.00995302200317383
0.0101410150527954
0.00980699062347412
0.010140061378479
0.00997495651245117
0.00986003875732422
0.0101299285888672
0.00980508327484131
0.0100399255752563
0.0100079774856567
0.0100200176239014
0.010066032409668
0.009909987449646
0.010125994682312
0.00990200042724609
0.0103520154953003
0.00969898700714111
0.00979101657867432
0.00997698307037354
0.0100680589675903
0.0102189779281616
0.00980496406555176
0.00985407829284668
0.0100369453430176
0.0100070238113403
0.00987493991851807
0.010138988494873
0.00987708568572998
0.0100129842758179
0.00993096828460693
0.0100500583648682
0.0102429389953613
0.00967395305633545
0.0102400779724121
0.00982797145843506
0.0101350545883179
0.00989699363708496
0.0100489854812622
0.00985002517700195
0.00992298126220703
0.0100419521331787
0.0100430250167847
0.0100269317626953
0.00994610786437988
0.0101679563522339
0.00974893569946289
0.00978708267211914
0.0100319385528564
0.00989902019500732
0.00994396209716797
0.00991106033325195
0.0101330280303955
0.00987398624420166
0.0103099346160889
0.00991308689117432
0.0098809003829956
0.0102090835571289
0.009971022605896
0.0100018978118896
0.0101990699768066
0.00973403453826904
0.0100349187850952
0.010017991065979
0.00982904434204102
0.0100059509277344
0.0101290941238403
0.0100219249725342
0.00988304615020752
0.00996196269989014
0.00999295711517334
0.00995802879333496
0.0100110769271851
0.00994396209716797
0.0100319385528564
0.00991010665893555
0.0100919008255005
0.00987803936004639
0.0100419521331787
0.0100910663604736
0.00984704494476318
0.010064959526062
0.0101100206375122
0.0100129842758179
0.00997400283813477
0.00977098941802978
0.010085940361023
0.00986802577972412
0.0102230310440063
0.00989902019500732
0.00995993614196777
0.0101649761199951
0.00985908508300781
0.0114380121231079
0.00862395763397217
0.00977396965026856
0.00991702079772949
0.0099860429763794
0.0101449489593506
0.00994503498077393
0.0099259614944458
0.010079026222229
0.0100610256195068
0.0098949670791626
0.0099489688873291
0.00991499423980713
0.0101209878921509
0.0100760459899902
0.00992000102996826
0.00992298126220703
0.0101380348205566
0.00980603694915772
0.0100150108337402
0.0100289583206177
0.0101460218429565
0.00976395606994629
0.01003098487854
0.00989603996276856
0.0100690126419067
0.00998091697692871
0.00999605655670166
0.0099480152130127
0.0099719762802124
0.00998401641845703
0.0100200176239014
0.00999701023101807
0.0100619792938232
0.0101770162582397
0.00982999801635742
0.00991594791412354
0.0099409818649292
0.00994503498077393
0.0100829601287842
0.00993907451629639
0.00992691516876221
0.00991499423980713
0.0102740526199341
0.00975203514099121
0.0102310180664062
0.00985395908355713
0.00996601581573486
0.00993800163269043
0.0100300312042236
0.00991690158843994
0.010113000869751
0.00988006591796875
0.010125994682312
0.00980401039123535
0.010125994682312
0.0099799633026123
0.00999701023101807
0.00999104976654053
0.0101419687271118
0.00993001461029053
0.0100950002670288
0.00970196723937988
0.0101020336151123
0.00995099544525146
0.0099419355392456
0.0100210905075073
0.010098934173584
0.00971901416778564
0.0101490020751953
0.00993001461029053
0.0100719928741455
0.00977301597595215
0.0100959539413452
0.00988507270812988
0.0101519823074341
0.00992095470428467
0.01003098487854
0.00993001461029053
0.0100150108337402
0.00997495651245117
0.00997805595397949
0.00996899604797363
0.0100690126419067
0.00985193252563477
0.0100600719451904
0.0100120306015015
0.00990498065948486
0.0126519203186035
0.00745999813079834
0.00998401641845703
0.0102460384368896
0.00980794429779053
0.0101490020751953
0.00966799259185791
0.0102510452270508
0.0099719762802124
0.0101330280303955
0.00982999801635742
0.00979495048522949
0.0100940465927124
0.0121779441833496
0.00759804248809814
0.00999903678894043
0.00980794429779053
0.0105019807815552
0.00979208946228027
0.0101689100265503
0.00992000102996826
0.00988709926605225
0.0100259780883789
0.0102119445800781
0.00971198081970215
0.0103440284729004
0.00971007347106934
0.00997292995452881
0.00973999500274658
0.0101779699325562
0.00998103618621826
0.00991499423980713
0.010146975517273
0.0099860429763794
0.00970399379730225
0.0102250576019287
0.00970292091369629
0.0101580619812012
0.0100189447402954
0.010004997253418
0.00990498065948486
0.010019063949585
0.00983798503875732
0.0101679563522339
0.0099250078201294
0.00999104976654053
0.0100710391998291
0.00994288921356201
0.0099790096282959
0.00994205474853516
0.00983202457427978
0.0101109743118286
0.00992393493652344
0.0101330280303955
0.00995707511901856
0.0100709199905396
0.00986504554748535
0.0102089643478394
0.00986707210540772
0.00989794731140137
0.0100339651107788
0.0101900100708008
0.00981497764587402
0.0100500583648682
0.0099339485168457
0.01009202003479
0.00986099243164062
0.00992608070373535
0.0101929903030396
0.00977396965026856
0.0101020336151123
0.0098729133605957
0.0102109909057617
0.0097740888595581
0.010159969329834
0.00985002517700195
0.0100029706954956
0.00994503498077393
0.0100389719009399
0.00997400283813477
0.00989603996276856
0.0100100040435791
0.0100449323654175
0.0099799633026123
0.0100160837173462
0.00995397567749023
0.00999701023101807
0.0100499391555786
0.0100100040435791
0.00989603996276856
0.00998795032501221
0.0101000070571899
0.0109280347824097
0.009132981300354
0.00988006591796875
0.00988399982452393
0.0100280046463013
0.00989091396331787
0.0101280212402344
0.00993597507476807
0.0100250244140625
0.00983607769012451
0.0100809335708618
0.010017991065979
0.0101670026779175
0.00979506969451904
0.00987088680267334
0.01021409034729
0.00993597507476807
0.0099029541015625
0.0100240707397461
0.00987696647644043
0.0105639696121216
0.00968301296234131
0.00989603996276856
0.00987303256988525
0.00975096225738525
0.0102369785308838
0.0101929903030396
0.00983405113220215
0.00994598865509033
0.009909987449646
0.0102900266647339
0.00988996028900146
0.00987005233764648
0.00997400283813477
0.00999689102172852
0.0100491046905518
0.00996291637420654
0.00989103317260742
0.0102529525756836
0.00978708267211914
0.0101059675216675
0.0101339817047119
0.00973498821258545
0.0100140571594238
0.00996899604797363
0.00996899604797363
0.0101180076599121
0.00979793071746826
0.00994205474853516
0.0100280046463013
0.010066032409668
0.00995194911956787
0.0100200176239014
0.00992894172668457
0.00999104976654053
0.010208010673523
0.00984001159667969
0.00994396209716797
0.00999605655670166
0.00995993614196777
0.0099329948425293
0.0102319717407227
0.00989699363708496
0.00989603996276856
0.00995302200317383
0.0101070404052734
0.00991690158843994
0.00999903678894043
0.00990402698516846
0.00995492935180664
0.0100840330123901
0.00995206832885742
0.00998997688293457
0.0099940299987793
0.0099179744720459
0.0101249217987061
0.00988805294036865
0.00993895530700684
0.0100520849227905
0.00994598865509033
0.0100599527359009
0.0100699663162231
0.00993204116821289
0.0100200176239014
0.00978195667266846
0.0101159811019897
0.0101100206375122
0.00999605655670166
0.0102299451828003
0.00974202156066894
0.00984406471252441
0.0100239515304565
0.00998198986053467
0.0100690126419067
0.00985395908355713
0.0100810527801514
0.00988399982452393
0.0101150274276733
0.00985395908355713
0.00996494293212891
0.0101320743560791
0.00991296768188477
0.00993204116821289
0.0101310014724731
0.00986099243164062
0.0100899934768677
0.00983595848083496
0.0100229978561401
0.0100760459899902
0.00994694232940674
0.0100250244140625
0.00980496406555176
0.0100910663604736
0.0100350379943848
0.010037899017334
0.00999009609222412
0.00999689102172852
0.0100250244140625
0.00987505912780762
0.00992298126220703
0.0100280046463013
0.0115679502487183
0.00847804546356201
0.00987100601196289
0.0099189281463623
0.0101140737533569
0.0100089311599731
0.00997805595397949
0.00992202758789062
0.00996196269989014
0.0101439952850342
0.00984406471252441
0.0101069211959839
0.00996696949005127
0.00998401641845703
0.00999605655670166
0.0100510120391846
0.00989091396331787
0.00997304916381836
0.00995302200317383
0.0100120306015015
0.00997591018676758
0.0103319883346558
0.00985705852508545
0.00975096225738525
0.0101250410079956
0.00995898246765137
0.0099489688873291
0.00995802879333496
0.0100010633468628
0.0100449323654175
0.00987005233764648
0.0102299451828003
0.00984096527099609
0.00984609127044678
0.0101059675216675
0.0101120471954346
0.00983893871307373
0.0100669860839844
0.0099480152130127
0.0100300312042236
0.010003924369812
0.00988304615020752
0.0100120306015015
0.0102789402008057
0.00984203815460205
0.00989997386932373
0.00986003875732422
0.00995397567749023
0.00992798805236816
0.0100280046463013
0.00997602939605713
0.0100439786911011
0.0109959840774536
0.0092700719833374
0.0100479125976562
0.00967705249786377
0.00998997688293457
0.00991606712341309
0.00998389720916748
0.0100810527801514
0.00993502140045166
0.0101490020751953
0.00988602638244629
0.0100629329681396
0.0100550651550293
0.00980091094970703
0.00997602939605713
0.00997495651245117
0.0100110769271851
0.010098934173584
0.00991904735565186
0.0101269483566284
0.00990700721740723
0.00984501838684082
0.0100619792938232
0.0100250244140625
0.009971022605896
0.0100489854812622
0.00984406471252441
0.00999593734741211
0.00992202758789062
0.010316014289856
0.00974690914154053
0.00998103618621826
0.00999605655670166
0.00993597507476807
0.0100229978561401
0.0102670192718506
0.00971698760986328
0.0100239515304565
0.00988507270812988
0.0100959539413452
0.00995099544525146
0.00991201400756836
0.0100510120391846
0.0101200342178345
0.0099109411239624
0.0101690292358398
0.00969493389129639
0.0102530717849731
0.0101180076599121
0.00978899002075195
0.00970900058746338
0.00992298126220703
0.0102640390396118
0.00998294353485107
0.0100229978561401
0.00988399982452393
0.0099869966506958
0.0100769996643066
0.00981700420379639
0.0100170373916626
0.0101369619369507
0.00986695289611816
0.00991809368133545
0.0100549459457397
0.00993704795837402
0.0102919340133667
0.0100510120391846
0.0099480152130127
0.00981497764587402
0.010066032409668
0.0098949670791626
0.00990808010101318
0.00996589660644531
0.00996708869934082
0.0102009773254395
0.00992703437805176
0.00989294052124023
0.0100270509719849
0.00983893871307373
0.0100699663162231
0.0100440979003906
0.00986993312835693
0.0100029706954956
0.00994408130645752
0.0104019641876221
0.00973105430603027
0.0098949670791626
0.0101430416107178
0.00973892211914062
0.0101070404052734
0.0101250410079956
0.00973093509674072
0.0101040601730347
0.0102659463882446
0.00985705852508545
0.00984394550323486
0.0100029706954956
0.0101370811462402
0.00982999801635742
0.00988292694091797
0.0102710723876953
0.00982797145843506
0.0100079774856567
0.00986099243164062
0.0100359916687012
0.0101369619369507
0.00984799861907959
0.0101590156555176
0.00989007949829102
0.00984597206115723
0.0100879669189453
0.00992405414581299
0.010111927986145
0.00981700420379639
0.0101320743560791
0.0101859569549561
0.00983297824859619
0.00992202758789062
0.00991404056549072
0.010016918182373
0.00990009307861328
0.010016918182373
0.0100200176239014
0.00988399982452393
0.010174036026001
0.00981497764587402
0.0101330280303955
0.00989902019500732
0.01003098487854
0.0101079940795898
0.00983893871307373
0.00994503498077393
0.0100879669189453
0.00984299182891846
0.0100910663604736
0.0103110074996948
0.00983095169067383
0.00986599922180176
0.00988805294036865
0.00998401641845703
0.0100539922714233
0.00991690158843994
0.0100140571594238
0.0102299451828003
0.00983810424804688
0.0099179744720459
0.0100460052490234
0.0100189447402954
0.010019063949585
0.00980889797210693
0.0101760625839233
0.00961494445800781
0.0102750062942505
0.00989401340484619
0.0101320743560791
0.0102369785308838
0.00973796844482422
0.00995004177093506
0.00985991954803467
0.0100280046463013
0.00998306274414062
0.00999295711517334
0.0100760459899902
0.00998497009277344
0.00998497009277344
0.00997400283813477
0.0100090503692627
0.0100029706954956
0.00986802577972412
0.0102379322052002
0.00979506969451904
0.0101009607315063
0.00985002517700195
0.011139988899231
0.00887203216552734
0.00995302200317383
0.00993490219116211
0.0100460052490234
0.009971022605896
0.0101879835128784
0.00985801219940186
0.00990498065948486
0.00999009609222412
0.0098879337310791
0.0102930068969727
0.0097130537033081
0.0102030038833618
0.0099790096282959
0.00978100299835205
0.0101149082183838
0.00998508930206299
0.0100589990615845
0.0103659629821777
0.00953793525695801
0.00996708869934082
0.00980401039123535
0.0102128982543945
0.0100359916687012
0.00984704494476318
0.0102629661560059
0.00978803634643555
0.010079026222229
0.00979101657867432
0.0102229118347168
0.00985300540924072
0.0100460052490234
