0.01
0.0099409818649292
0.0100140571594238
0.0100109577178955
0.00994396209716797
0.00999701023101807
0.0100290775299072
0.00990593433380127
0.00996601581573486
0.0100330114364624
0.00991702079772949
0.0101770162582397
0.0101649761199951
0.0103399753570557
0.010064959526062
0.0103870630264282
0.0095449686050415
0.0102980136871338
0.00973796844482422
0.00991296768188477
0.0103710889816284
0.00961399078369141
0.0101629495620728
0.00981605052947998
0.0100300312042236
0.0103389024734497
0.00982105731964111
0.00987696647644043
0.00986099243164062
0.0101120471954346
0.0102369785308838
0.00961697101593018
0.0101550817489624
0.00978696346282959
0.0101000070571899
0.00996196269989014
0.0100159645080566
0.0100769996643066
0.00983905792236328
0.0101300477981567
0.00983893871307373
0.010032057762146
0.0100549459457397
0.00968694686889648
0.0102130174636841
0.0100510120391846
0.00983405113220215
0.0101139545440674
0.00989103317260742
0.0101690292358398
0.0096060037612915
0.0102959871292114
0.0100489854812622
0.00962793827056885
0.0103451013565063
0.00960898399353027
0.0100820064544678
0.0102139711380005
0.00967693328857422
0.0101730823516846
0.00992190837860107
0.0101040601730347
0.0100120306015015
0.00971198081970215
0.0102039575576782
0.00993907451629639
0.00987899303436279
0.0101289749145508
0.00987803936004639
0.0102019309997559
0.00971198081970215
0.0106930732727051
0.00966191291809082
0.00980901718139648
0.00970208644866943
0.0100139379501343
0.0100059509277344
0.0101500749588013
0.00975501537322998
0.0102130174636841
0.00969696044921875
0.0100979804992676
0.0102139711380005
0.0096440315246582
0.0101569890975952
0.0101890563964844
0.0107740163803101
0.00908291339874268
0.00987803936004639
0.010004997253418
0.0100580453872681
0.00987493991851807
0.0101269483566284
0.00977611541748047
0.010051965713501
0.00976896286010742
0.0101950168609619
0.00990605354309082
0.0100009441375732
0.0101759433746338
0.00979411602020264
0.0103139877319336
0.0099489688873291
0.00994503498077393
0.00977694988250732
0.0104540586471558
0.00963795185089111
0.00967895984649658
0.0100350379943848
0.0101820230484009
0.00982892513275146
0.0101710557937622
0.010146975517273
0.0100619792938232
0.00979804992675781
0.0100510120391846
0.00993502140045166
0.0101509094238281
0.00983107089996338
0.0101510286331177
0.00986695289611816
0.0101360082626343
0.00975596904754639
0.00974905490875244
0.0100699663162231
0.0099869966506958
0.00993800163269043
0.0100549459457397
0.00986802577972412
0.0100970268249512
0.00990200042724609
0.0100979804992676
0.00990700721740723
0.00991499423980713
0.0100580453872681
0.0099790096282959
0.00997698307037354
0.0099869966506958
0.00995802879333496
0.0099949836730957
0.0100609064102173
0.00995910167694092
0.00995993614196777
0.0100409984588623
0.00989007949829102
0.0101029872894287
0.00996899604797363
0.010016918182373
0.0099329948425293
0.00997006893157959
0.00995099544525146
0.0100189447402954
0.00995802879333496
0.0100730657577515
0.0099179744720459
0.00985598564147949
0.0101449489593506
0.0099790096282959
0.0100159645080566
0.0100390911102295
0.009971022605896
0.00986289978027344
0.0100110769271851
0.00995302200317383
0.0100569725036621
0.00987696647644043
0.0100259780883789
0.0100420713424683
0.00989198684692383
0.0100119113922119
0.00989210605621338
0.00993192195892334
0.0101699829101562
0.0100620985031128
0.00993895530700684
0.00999701023101807
0.00996804237365723
0.0100109577178955
0.00992298126220703
0.0100259780883789
0.00986599922180176
0.0100359916687012
0.0100210905075073
0.0099409818649292
0.0100139379501343
0.0100650787353516
0.00988399982452393
0.0100109577178955
0.00996601581573486
0.0101109743118286
0.00988101959228516
0.00994503498077393
0.0101349353790283
0.00981998443603516
0.0104100704193115
0.0100239515304565
0.0099259614944458
0.00995099544525146
0.010032057762146
0.0099719762802124
0.00995099544525146
0.00996601581573486
0.0100510120391846
0.00992298126220703
0.00994300842285156
0.01003098487854
0.0109150409698486
0.00962591171264648
0.00928604602813721
0.00996005535125732
0.0101039409637451
0.0101640224456787
0.0101419687271118
0.0095369815826416
0.00998198986053467
0.0103150606155396
0.00986003875732422
0.0099560022354126
0.0100089311599731
0.0100120306015015
0.00994503498077393
0.0101079940795898
0.0100349187850952
0.00983905792236328
0.0100319385528564
0.00993502140045166
0.0100580453872681
0.0100020170211792
0.00987601280212402
0.0100219249725342
0.00995898246765137
0.0100610256195068
0.00985705852508545
0.0100769996643066
0.0100640058517456
0.00992691516876221
0.00984799861907959
0.0101170539855957
0.010159969329834
0.0191329717636108
0.0075840950012207
0.00300097465515137
0.00979292392730713
0.0105230808258057
0.00976693630218506
0.00982701778411865
0.0102109909057617
0.0101040601730347
0.00989198684692383
0.00997793674468994
0.00986099243164062
0.010032057762146
0.00993895530700684
0.00997304916381836
0.00993096828460693
0.010172963142395
0.0109990835189819
0.00907492637634277
0.009971022605896
0.00993704795837402
0.00970494747161865
0.00990605354309082
0.00995397567749023
0.0101419687271118
0.00993800163269043
0.0100420713424683
0.0101249217987061
0.0100960731506348
0.00958991050720215
0.0101850032806396
0.00982904434204102
0.00998997688293457
0.0100600719451904
0.00980591773986816
0.00990700721740723
0.00998902320861816
0.00996994972229004
0.0100131034851074
0.0102529525756836
0.00978696346282959
0.00998008251190186
0.0098949670791626
0.0101109743118286
0.00998497009277344
0.0100570917129517
0.00995290279388428
0.00994205474853516
0.00991702079772949
0.00999891757965088
0.010019063949585
0.0100289583206177
0.00999701023101807
0.00994002819061279
0.00995302200317383
0.0100369453430176
0.00998008251190186
0.0100638866424561
0.0100001096725464
0.00989389419555664
0.0099790096282959
0.0100560188293457
0.00998103618621826
0.010219931602478
0.00980103015899658
0.009909987449646
0.0100090503692627
0.00981795787811279
0.0101079940795898
0.0100539922714233
0.00986504554748535
0.010085940361023
0.00999104976654053
0.00992798805236816
0.0100710391998291
0.00999999046325684
0.00988900661468506
0.0100280046463013
0.00986301898956299
0.0100229978561401
0.00987100601196289
0.0099189281463623
0.0102430582046509
0.00989997386932373
0.0128209590911865
0.00744509696960449
0.00974297523498535
0.0099339485168457
0.00990903377532959
0.00993597507476807
0.0101950168609619
0.00994598865509033
0.00999701023101807
0.0100439786911011
0.0099940299987793
0.0100530385971069
0.00989294052124023
0.00998902320861816
0.0100589990615845
0.0100499391555786
0.00986504554748535
0.010064959526062
0.00994503498077393
0.00991296768188477
0.0099719762802124
0.0109701156616211
0.00970196723937988
0.00926995277404785
0.00984704494476318
0.010085940361023
0.0099949836730957
0.0100960731506348
0.00992095470428467
0.00984597206115723
0.00993108749389648
0.0101490020751953
0.00980198383331299
0.010187029838562
0.0100619792938232
0.00987100601196289
0.0101579427719116
0.00989007949829102
0.00999891757965088
0.010017991065979
0.00991809368133545
0.0099489688873291
0.00987899303436279
0.0103449821472168
0.0101180076599121
0.00992298126220703
0.00990200042724609
0.0100810527801514
0.0099719762802124
0.00969302654266357
0.00984692573547363
0.0103600025177002
0.0099940299987793
0.00994396209716797
0.0100860595703125
0.00993001461029053
0.010159969329834
0.00985801219940186
0.00990593433380127
0.0101200342178345
0.0100690126419067
0.00999796390533447
0.00988602638244629
0.00982201099395752
0.0100899934768677
0.0106339454650879
0.00958704948425293
0.00967895984649658
0.00992107391357422
0.0099949836730957
0.0100809335708618
0.00993907451629639
0.0099639892578125
0.00992095470428467
0.0101050138473511
0.00993597507476807
0.0101701021194458
0.00985491275787354
0.00993704795837402
0.0101460218429565
0.0100159645080566
0.00976598262786865
0.0101439952850342
0.0132690668106079
0.00683796405792236
0.00974798202514648
0.00988399982452393
0.00973796844482422
0.0104440450668335
0.0100369453430176
0.00991106033325195
0.00992393493652344
0.010045051574707
0.0100469589233398
0.0100020170211792
0.00979399681091309
0.010066032409668
0.00995004177093506
0.00997292995452881
0.0100640058517456
0.00997602939605713
0.00997495651245117
0.00986206531524658
0.0101079940795898
0.0100369453430176
0.0101350545883179
0.00975501537322998
0.00973999500274658
0.0101349353790283
0.00987899303436279
0.0102599859237671
0.00982999801635742
0.0100380182266235
0.00994908809661865
0.010003924369812
0.00989401340484619
0.0100380182266235
0.0101100206375122
0.0102360248565674
0.0100089311599731
0.00986003875732422
0.0100640058517456
0.00976300239562988
0.0101829767227173
0.00979602336883545
0.00998997688293457
0.0100959539413452
0.00979006290435791
0.0100460052490234
0.0101959705352783
0.00985503196716309
0.0101479291915894
0.00989603996276856
0.0101690292358398
0.00990891456604004
0.00986003875732422
0.0099869966506958
0.0100929737091064
0.00989401340484619
0.00996696949005127
0.00997006893157959
0.00992298126220703
0.009971022605896
0.0102739334106445
0.00972306728363037
0.0101169347763062
0.00999200344085693
0.0100520849227905
0.0099419355392456
0.0100470781326294
0.00996899604797363
0.0102139711380005
0.00980401039123535
0.00999796390533447
0.00985300540924072
0.0101079940795898
0.0100680589675903
0.010145902633667
0.00969207286834717
0.0100219249725342
0.0100940465927124
0.00969803333282471
0.00993096828460693
0.0100940465927124
0.00986099243164062
0.0101199150085449
0.00985610485076904
0.0100769996643066
0.00988888740539551
0.0101931095123291
0.00985193252563477
0.00990200042724609
0.00999104976654053
0.0100449323654175
0.00991404056549072
0.0100619792938232
0.00994002819061279
0.010172963142395
0.00986206531524658
0.0100259780883789
0.00996291637420654
0.0100370645523071
0.0100040435791016
0.013733983039856
0.0101529359817505
0.00599908828735352
0.00993096828460693
0.00985193252563477
0.0101910829544067
0.00998091697692871
0.00998902320861816
0.0100569725036621
0.00994598865509033
0.00994503498077393
0.0100129842758179
0.00988399982452393
0.0100760459899902
0.0102030038833618
0.00986301898956299
0.0101749897003174
0.00970494747161865
0.0100589990615845
0.00978100299835205
0.0101100206375122
0.0100899934768677
0.00984203815460205
0.0100380182266235
0.0102030038833618
0.00966989994049072
0.0102450847625732
0.0100079774856567
0.0100499391555786
0.00992107391357422
0.00987100601196289
0.00982701778411865
0.0100139379501343
0.00999999046325684
0.0101070404052734
0.0100569725036621
0.00978302955627441
0.0100070238113403
0.0102449655532837
0.00973105430603027
0.0100899934768677
0.00987493991851807
0.0101200342178345
0.00990092754364014
0.00997710227966309
0.0101279020309448
0.0100690126419067
0.00975203514099121
0.0100020170211792
0.0099869966506958
0.0100170373916626
0.010233998298645
0.00984692573547363
0.00983405113220215
0.00999701023101807
0.00994598865509033
0.009971022605896
0.0100029706954956
0.0100829601287842
0.00993704795837402
0.0100929737091064
0.0098639726638794
0.0102900266647339
0.0100229978561401
0.00987601280212402
0.00988399982452393
0.0101299285888672
0.00984501838684082
0.0100430250167847
0.0102130174636841
0.00982093811035156
0.0097510814666748
0.0100089311599731
0.00998902320861816
0.00996506214141846
0.00999093055725098
0.0100430250167847
0.00997602939605713
0.00997400283813477
0.00999701023101807
0.0099250078201294
0.00992691516876221
0.0101120471954346
0.009848952293396
0.0100390911102295
0.00995492935180664
0.00996005535125732
0.0101280212402344
0.00992488861083984
0.0100980997085571
0.0100969076156616
0.00976705551147461
0.0100359916687012
0.00999903678894043
0.0099250078201294
0.0100369453430176
0.010064959526062
0.0101170539855957
0.00976598262786865
0.0101580619812012
0.00979900360107422
0.010422945022583
0.00967895984649658
0.00982403755187988
0.00995504856109619
0.0101189613342285
0.00999593734741211
0.00997304916381836
0.0100359916687012
0.0100150108337402
0.00994300842285156
0.00989103317260742
0.0101209878921509
0.00992298126220703
0.00985395908355713
0.00998306274414062
0.0102390050888062
0.00981402397155762
0.010469913482666
0.00954699516296387
0.0100140571594238
0.010172963142395
0.00986897945404053
0.010017991065979
0.00985908508300781
0.0101929903030396
0.00971293449401856
0.0099560022354126
0.0100200176239014
0.00999295711517334
0.0100400447845459
0.00988996028900146
0.00999903678894043
0.0100029706954956
0.010093092918396
0.00999093055725098
0.0100580453872681
0.00983500480651856
0.0101950168609619
0.00980198383331299
0.00998401641845703
0.00998592376708984
0.00995099544525146
0.0101519823074341
0.00986111164093018
0.00994491577148438
0.00996303558349609
0.00995004177093506
0.0099189281463623
0.0100820064544678
0.0100439786911011
0.0102490186691284
0.00976800918579102
0.00992000102996826
0.0100259780883789
0.0101289749145508
0.00992608070373535
0.00985300540924072
0.0100669860839844
0.00993096828460693
0.00996804237365723
0.00998997688293457
0.0100159645080566
0.00995397567749023
0.0101341009140015
0.00976598262786865
0.0102249383926392
0.00991404056549072
0.00997400283813477
0.0101150274276733
0.00993096828460693
0.00991201400756836
0.00993096828460693
0.00999701023101807
0.0099719762802124
0.0100470781326294
0.00995290279388428
0.010004997253418
0.00985908508300781
0.0101050138473511
0.0100769996643066
0.0100839138031006
0.00995302200317383
0.00990605354309082
0.0099799633026123
0.00995099544525146
0.0100849866867065
0.00987005233764648
0.00988900661468506
0.0101749897003174
0.00983893871307373
0.010017991065979
0.01003098487854
0.0100090503692627
0.00990796089172363
0.0101090669631958
0.00999891757965088
0.010296106338501
0.00958597660064697
0.010004997253418
0.0100189447402954
0.0102870464324951
0.00973701477050781
0.0098719596862793
0.00993502140045166
0.00996696949005127
0.0101040601730347
0.00999093055725098
0.00985205173492432
0.0101410150527954
0.0101029872894287
0.00973498821258545
0.0100339651107788
0.0101649761199951
0.00993204116821289
0.0100619792938232
0.0100480318069458
0.00972795486450195
0.0099949836730957
0.0101970434188843
0.00976502895355225
0.0101519823074341
0.00984597206115723
0.0100040435791016
0.00996696949005127
0.0103399753570557
0.00957202911376953
0.0100630521774292
0.0100018978118896
0.0101640224456787
0.00975406169891357
0.0100250244140625
0.0100328922271729
0.0101220607757568
0.00983202457427978
0.00992000102996826
0.0100349187850952
0.0101730823516846
0.0099719762802124
0.0101640224456787
0.00961196422576904
0.00982105731964111
0.0100189447402954
0.0101660490036011
0.00998997688293457
0.00971198081970215
0.0100610256195068
0.00982701778411865
0.00994396209716797
0.0100890398025513
0.0101189613342285
0.0099560022354126
0.0100220441818237
0.00977694988250732
0.0099329948425293
0.00996100902557373
0.010206937789917
0.00988101959228516
0.0101040601730347
0.00988101959228516
0.0100100040435791
0.00996196269989014
0.0103989839553833
0.00989401340484619
0.0099419355392456
0.0147610902786255
0.00477790832519531
0.0101420879364014
0.0102609395980835
0.0100229978561401
0.0102189779281616
0.00976300239562988
0.00999200344085693
0.0102500915527344
0.00984394550323486
0.00986504554748535
0.00994491577148438
0.00999903678894043
0.00993895530700684
0.0100640058517456
0.00999104976654053
0.0099329948425293
0.0100100040435791
0.00991296768188477
0.0100560188293457
0.00994706153869629
0.00999593734741211
0.010045051574707
0.010024905204773
0.00993311405181885
0.0100278854370117
0.00993502140045166
0.0100250244140625
0.010159969329834
0.00986707210540772
0.0099560022354126
0.0100280046463013
0.00993001461029053
0.00985598564147949
0.0100489854812622
0.010219931602478
0.010004997253418
0.00984203815460205
0.00984597206115723
0.0099480152130127
0.0101300477981567
0.00994694232940674
0.00995898246765137
0.00990605354309082
0.0101079940795898
0.0101629495620728
0.00974810123443604
0.0100069046020508
0.00995910167694092
0.0100589990615845
0.0100100040435791
0.0101869106292725
0.00982809066772461
0.00988996028900146
0.00998997688293457
0.0100059509277344
0.00991010665893555
0.0102739334106445
0.00973999500274658
0.010066032409668
0.00999295711517334
0.0102959871292114
0.00967609882354736
0.00987792015075684
0.0100250244140625
0.0100189447402954
0.00989007949829102
0.0100399255752563
0.00994908809661865
0.0100380182266235
0.0098879337310791
0.0101699829101562
0.0100150108337402
0.00983405113220215
0.0100889205932617
0.00999307632446289
0.00989294052124023
0.0100650787353516
0.0100148916244507
0.0100010633468628
0.00985205173492432
0.00997292995452881
0.010045051574707
0.00991296768188477
0.0100890398025513
0.00997591018676758
0.0102880001068115
0.009909987449646
0.00966203212738037
0.0100950002670288
0.0100159645080566
0.00995409488677978
0.0101069211959839
0.00981104373931885
0.0101779699325562
0.010079026222229
0.00985705852508545
0.00993800163269043
0.00996589660644531
0.0100080966949463
0.00989389419555664
0.0101341009140015
0.0101429224014282
0.00972902774810791
0.010159969329834
0.00997400283813477
0.00985002517700195
0.00994503498077393
0.00998198986053467
0.0103960037231445
0.00962793827056885
0.0101430416107178
0.0100769996643066
0.00975596904754639
0.00993704795837402
0.0100579261779785
0.00992202758789062
0.00992000102996826
0.00992000102996826
0.0104860067367554
0.00966000556945801
0.00997495651245117
0.0101910829544067
0.00973498821258545
0.0113489627838135
0.00882697105407715
0.00990903377532959
0.00990605354309082
0.010016918182373
0.00997805595397949
0.0099560022354126
0.0100449323654175
0.0097510814666748
0.0102369785308838
0.00994694232940674
0.00990903377532959
0.0123109817504883
0.00776207447052002
0.0098719596862793
0.00996899604797363
0.0100389719009399
0.0101829767227173
0.0100411176681519
0.0099719762802124
0.0100200176239014
0.00982892513275146
0.0100849866867065
0.00981605052947998
0.0100799798965454
0.00994300842285156
0.0105639696121216
0.00933599472045898
0.0102170705795288
0.00988197326660156
0.00999796390533447
0.0101280212402344
0.0100189447402954
0.0100200176239014
0.00973606109619141
0.0099790096282959
0.00985193252563477
0.0102109909057617
0.0100570917129517
0.00985896587371826
0.00984203815460205
0.0101569890975952
0.00983500480651856
0.0101439952850342
0.00984799861907959
0.0101709365844727
0.00974404811859131
0.0102529525756836
0.00983905792236328
0.00986897945404053
0.0101659297943115
0.00994205474853516
0.0100760459899902
0.00997400283813477
0.00984489917755127
0.00994110107421875
0.00997793674468994
0.0100950002670288
0.00974106788635254
0.00992095470428467
0.0102150440216064
0.010037899017334
0.00979208946228027
0.0102699995040894
0.00988495349884033
0.0100029706954956
0.00984108448028564
0.0100489854812622
0.00996792316436768
0.0100440979003906
0.0100328922271729
0.0101250410079956
0.00990700721740723
0.0100229978561401
0.00980305671691894
0.0101579427719116
0.00993704795837402
0.00990092754364014
0.0101540088653564
0.00989401340484619
0.0100010633468628
0.00990796089172363
0.0100359916687012
0.00999903678894043
0.00988996028900146
0.0100909471511841
0.00986003875732422
0.0100539922714233
0.00998306274414062
0.00987899303436279
0.0100729465484619
0.0100719928741455
0.00991904735565186
0.0100610256195068
0.00983297824859619
0.0100899934768677
0.0101900100708008
0.00972700119018555
0.0100100040435791
0.00989198684692383
0.0102009773254395
0.00995302200317383
0.00992894172668457
0.00999104976654053
0.0098799467086792
0.0100960731506348
0.00991702079772949
0.0100259780883789
0.00998198986053467
0.00989794731140137
0.0101730823516846
0.00989091396331787
0.0130620002746582
0.00689899921417236
0.0099790096282959
0.00975203514099121
0.010159969329834
0.0102620124816895
0.00991404056549072
0.00982296466827393
0.0100749731063843
0.0101660490036011
0.0100269317626953
0.00974810123443604
0.0099109411239624
0.0100560188293457
0.0100330114364624
0.0100499391555786
0.00993704795837402
0.00994396209716797
0.0101000070571899
0.00998306274414062
0.00988996028900146
0.0102130174636841
0.00980401039123535
0.0100740194320679
0.00978100299835205
0.0101219415664673
0.00997698307037354
0.0100040435791016
0.0098869800567627
0.0099790096282959
0.0100029706954956
0.00996005535125732
0.00998294353485107
0.0100380182266235
0.00986301898956299
0.0101360082626343
0.0100120306015015
0.00993692874908447
0.0100910663604736
0.0098719596862793
0.010051965713501
0.0100359916687012
0.00983297824859619
0.0100370645523071
0.00993704795837402
0.0100098848342896
0.010079026222229
0.00994598865509033
0.0100330114364624
0.00996601581573486
0.0100950002670288
0.0100250244140625
0.00982999801635742
0.0100189447402954
0.00985109806060791
0.0102659463882446
0.0100699663162231
0.0100420713424683
0.0100629329681396
0.00967597961425781
0.0100760459899902
0.0100610256195068
0.00982892513275146
0.0102330446243286
0.00963306427001953
0.0101709365844727
0.0102490186691284
0.00975000858306885
0.0100849866867065
0.00972902774810791
0.0101079940795898
0.0102329254150391
0.00979399681091309
0.0102980136871338
0.00949609279632568
0.0101419687271118
0.0101770162582397
0.00972700119018555
0.0102789402008057
0.00961005687713623
0.0100909471511841
0.00998103618621826
0.00984692573547363
0.0100340843200684
0.0098419189453125
0.0101330280303955
0.00991904735565186
0.0106689929962158
0.00937497615814209
0.00985097885131836
0.0100120306015015
0.0100849866867065
0.00988495349884033
0.0100990533828735
0.0099639892578125
0.00994396209716797
0.00988805294036865
0.0100469589233398
0.00986099243164062
0.0100550651550293
0.0128549337387085
0.00770807266235352
0.00944292545318604
0.00984203815460205
0.00990903377532959
0.0102479457855225
0.00998401641845703
0.0100400447845459
0.00987100601196289
0.0100119113922119
0.0101931095123291
0.00977993011474609
0.0099560022354126
0.0101660490036011
0.00974392890930176
0.0100810527801514
0.0101460218429565
0.0098569393157959
0.0100480318069458
0.00977504253387451
0.0101369619369507
0.0102399587631226
0.00968706607818604
0.0101349353790283
0.00982701778411865
0.0101339817047119
0.00986599922180176
0.0102410316467285
0.00965499877929688
0.0100909471511841
0.00989699363708496
0.0101580619812012
0.00988996028900146
0.0100769996643066
0.00985097885131836
0.0100370645523071
0.00997292995452881
0.00999200344085693
0.00998103618621826
0.0100100040435791
0.00989603996276856
0.0102249383926392
0.0097430944442749
0.0101509094238281
0.00984406471252441
0.01009202003479
0.00999093055725098
0.00991606712341309
0.0100100040435791
0.0099719762802124
0.0100439786911011
0.0100589990615845
0.00977897644042969
0.0101009607315063
0.00987100601196289
0.010127067565918
0.00986194610595703
0.0101120471954346
0.00987899303436279
0.0100389719009399
0.00995004177093506
0.0101050138473511
0.00988602638244629
0.0100809335708618
0.00985896587371826
0.0104579925537109
0.00968599319458008
0.0100901126861572
0.00992488861083984
0.00993502140045166
0.00983607769012451
0.0101479291915894
0.00983405113220215
0.0101169347763062
0.0101590156555176
0.00973796844482422
0.0100280046463013
0.0100500583648682
0.0098259449005127
0.0100550651550293
0.0101410150527954
0.0098649263381958
0.00994908809661865
0.0101989507675171
0.00981104373931885
0.0102969408035278
0.00979900360107422
0.0101410150527954
0.00989603996276856
0.00973498821258545
0.0102009773254395
0.00980794429779053
0.0101990699768066
0.00982296466827393
0.0100079774856567
0.0100439786911011
0.0100260972976685
0.00990200042724609
0.0100820064544678
0.00976300239562988
0.018130898475647
0.00161910057067871
0.0102249383926392
0.00982201099395752
0.0100229978561401
0.0100239515304565
0.0100220441818237
0.00998497009277344
0.0099790096282959
0.00987005233764648
0.0102410316467285
0.00998294353485107
0.0101330280303955
0.00983798503875732
0.00987398624420166
0.00995802879333496
0.00995099544525146
0.00991296768188477
0.0100870132446289
0.010125994682312
0.00970005989074707
0.0104279518127441
0.00985503196716309
0.0098639726638794
0.0100669860839844
0.0101239681243896
0.0100810527801514
0.00990200042724609
0.0101709365844727
0.00964498519897461
0.010140061378479
0.00992703437805176
0.00996994972229004
0.00993096828460693
0.00994908809661865
0.0101069211959839
0.0100530385971069
0.00992000102996826
0.00999200344085693
0.0098639726638794
0.010127067565918
0.00996899604797363
0.0101059675216675
0.00988996028900146
0.00988006591796875
0.0100069046020508
0.00998401641845703
0.00998198986053467
0.0101211071014404
0.0099560022354126
0.0100079774856567
0.00999093055725098
0.00989699363708496
0.00994002819061279
0.0099480152130127
0.0100929737091064
0.00995898246765137
0.00997006893157959
0.0101449489593506
0.00996506214141846
0.0106139183044434
0.00934600830078125
0.00988101959228516
0.0100240707397461
0.0100229978561401
0.0101199150085449
0.0100470781326294
0.00969898700714111
0.0100139379501343
0.0100880861282349
0.0099639892578125
0.0101369619369507
0.010051965713501
0.0100140571594238
0.00973892211914062
0.00982308387756348
0.0100100040435791
0.0101219415664673
0.00990796089172363
0.010208010673523
0.00985109806060791
0.0098339319229126
0.0102660655975342
0.00976693630218506
0.00998198986053467
0.0100619792938232
0.0102570056915283
0.00970709323883057
0.0100529193878174
0.00993001461029053
0.00999796390533447
0.0100910663604736
0.009956955909729
0.00983500480651856
0.00999307632446289
0.00999093055725098
0.00999796390533447
0.00992405414581299
0.0100740194320679
0.00992000102996826
0.010125994682312
0.0102440118789673
0.0098029375076294
0.00977706909179688
0.00986790657043457
0.0101391077041626
0.00992691516876221
0.0100500583648682
0.0100139379501343
0.00991201400756836
0.0101660490036011
0.0099329948425293
0.00998103618621826
0.010016918182373
0.0101519823074341
0.00988399982452393
0.0100480318069458
0.00980496406555176
0.0100680589675903
0.00984394550323486
0.01015305519104
0.0100129842758179
0.00984799861907959
0.0101239681243896
0.00985407829284668
0.0099869966506958
0.00991296768188477
0.0101460218429565
0.00987100601196289
0.0101540088653564
0.00989091396331787
0.00989603996276856
0.00993096828460693
0.0101079940795898
0.00986099243164062
0.0101230144500732
0.0098869800567627
0.0100200176239014
0.00997304916381836
0.00992703437805176
0.0100569725036621
0.010003924369812
0.0101391077041626
0.00994789600372314
0.0100730657577515
0.00966393947601318
0.0100530385971069
0.00988101959228516
0.0102770328521729
0.00991189479827881
0.0100420713424683
0.00991594791412354
0.00996804237365723
0.010064959526062
0.00985205173492432
0.0100679397583008
0.00993001461029053
0.00999999046325684
0.0100229978561401
0.0099790096282959
0.0100979804992676
0.00979602336883545
0.00993204116821289
0.00994598865509033
0.0100740194320679
0.0102139711380005
0.00998902320861816
0.00990092754364014
0.0100120306015015
0.00991106033325195
0.00998592376708984
0.00997710227966309
0.00999796390533447
0.0100129842758179
0.0100510120391846
0.00986099243164062
0.00993096828460693
0.010113000869751
0.00985002517700195
0.010085940361023
0.0100040435791016
0.00993502140045166
0.010085940361023
0.00987410545349121
0.0100579261779785
0.00992202758789062
0.00994396209716797
0.0100550651550293
0.0100009441375732
0.0102050304412842
0.00978302955627441
0.00996196269989014
0.0100129842758179
0.00994396209716797
0.00993204116821289
0.0101109743118286
0.00991499423980713
0.00998103618621826
0.010221004486084
0.00979900360107422
0.00999796390533447
0.0102410316467285
0.0098639726638794
0.00978708267211914
0.0098109245300293
0.0101760625839233
0.0100150108337402
0.0100899934768677
0.00988292694091797
0.0100229978561401
0.0099480152130127
0.01003098487854
0.00993108749389648
0.0102819204330444
0.00969600677490234
0.00998902320861816
0.0101529359817505
0.00977706909179688
0.0101690292358398
0.00989091396331787
0.00992000102996826
0.0101200342178345
0.00999701023101807
0.0100029706954956
0.00990498065948486
0.00992906093597412
0.00993597507476807
0.0103060007095337
0.00995802879333496
0.00997292995452881
0.00990509986877441
0.0098419189453125
0.0100719928741455
0.010673999786377
0.00938498973846436
0.00980508327484131
0.00996696949005127
0.0101809501647949
0.00982999801635742
0.0100131034851074
0.0101349353790283
0.00976800918579102
0.0101879835128784
0.00980496406555176
0.0100350379943848
