0.01
0.00933504104614258
0.0101300477981567
0.0101559162139893
0.0100350379943848
0.00976300239562988
0.0100270509719849
0.0100299119949341
0.00993609428405762
0.0101399421691895
0.0101369619369507
0.00990402698516846
0.0101480484008789
0.0102980136871338
0.00988996028900146
0.0100810527801514
0.0102719068527222
0.0095820426940918
0.010267972946167
0.00961101055145264
0.0103039741516113
0.00964701175689697
0.0101029872894287
0.0101320743560791
0.00991296768188477
0.0100909471511841
0.00977098941802978
0.0101220607757568
0.0101120471954346
0.00984799861907959
0.0101279020309448
0.00967299938201904
0.0101439952850342
0.0101710557937622
0.00983405113220215
0.009956955909729
0.00992703437805176
0.0100339651107788
0.0100769996643066
0.00971698760986328
0.0102159976959229
0.00981795787811279
0.0101720094680786
0.00995802879333496
0.00985801219940186
0.0100380182266235
0.00992894172668457
0.0101020336151123
0.010079026222229
0.00977301597595215
0.00979697704315186
0.0100400447845459
0.0101169347763062
0.00988900661468506
0.0100369453430176
0.0100250244140625
0.00996208190917969
0.00990700721740723
0.0100229978561401
0.0098719596862793
0.0100909471511841
0.0099250078201294
0.0101330280303955
0.00977694988250732
0.0100040435791016
0.0101159811019897
0.0109649896621704
0.00891005992889404
0.0100059509277344
0.00993406772613525
0.0103029012680054
0.00968706607818604
0.0100640058517456
0.00987100601196289
0.0100740194320679
0.00997495651245117
0.0100870132446289
0.00983595848083496
0.0100489854812622
0.0100340843200684
0.0101410150527954
0.00997793674468994
0.00986003875732422
0.0098799467086792
0.0100420713424683
0.00990796089172363
0.0101749897003174
0.0100200176239014
0.00991702079772949
0.009909987449646
0.00995492935180664
0.0099790096282959
0.0100160837173462
0.00999200344085693
0.00998890399932861
0.0100630521774292
0.00987696647644043
0.0101230144500732
0.0100370645523071
0.00995290279388428
0.00990009307861328
0.00994694232940674
0.0101310014724731
0.00999796390533447
0.00988101959228516
0.00992298126220703
0.0102100372314453
0.010017991065979
0.00976896286010742
0.00997006893157959
0.00990402698516846
0.00999891757965088
0.0101810693740845
0.0101230144500732
0.00992798805236816
0.00978899002075195
0.0101339817047119
0.00982904434204102
0.0102989673614502
0.00971293449401856
0.0100150108337402
0.00985503196716309
0.0100569725036621
0.0101010799407959
0.00990796089172363
0.00998294353485107
0.0100070238113403
0.0100070238113403
0.0102759599685669
0.00963401794433594
0.0100860595703125
0.00990796089172363
0.0100380182266235
0.0099329948425293
0.009971022605896
0.0100139379501343
0.0099480152130127
0.0100849866867065
0.00983607769012451
0.0100959539413452
0.0100899934768677
0.00981497764587402
0.0100460052490234
0.00992703437805176
0.0101039409637451
0.00988507270812988
0.0101590156555176
0.00998997688293457
0.00983595848083496
0.00998103618621826
0.00999093055725098
0.00994610786437988
0.0100389719009399
0.00990200042724609
0.0099799633026123
0.0102900266647339
0.010077953338623
0.00953006744384766
0.010172963142395
0.00989305973052978
0.0101009607315063
0.0098799467086792
0.0100460052490234
0.0100020170211792
0.0101040601730347
0.00999891757965088
0.00988209247589111
0.0100059509277344
0.0099489688873291
0.00986897945404053
0.0102419853210449
0.00977706909179688
0.0100929737091064
0.0099639892578125
0.0103640556335449
0.0100729465484619
0.00962400436401367
0.0098719596862793
0.0100361108779907
0.0100349187850952
0.010066032409668
0.00966298580169678
0.0101610422134399
0.00997591018676758
0.00996708869934082
0.00982201099395752
0.0101289749145508
0.00998401641845703
0.0100479125976562
0.0100491046905518
0.0099560022354126
0.00983297824859619
0.0101230144500732
0.00989997386932373
0.0099639892578125
0.0100389719009399
0.0100879669189453
0.0101240873336792
0.00981497764587402
0.00984299182891846
0.0100610256195068
0.00994992256164551
0.0101920366287231
0.00989902019500732
0.00984501838684082
0.0099560022354126
0.0102440118789673
0.010915994644165
0.00913000106811523
0.00958597660064697
0.00996899604797363
0.0102510452270508
0.0101679563522339
0.00984704494476318
0.0101079940795898
0.00969493389129639
0.0100109577178955
0.0100030899047852
0.010267972946167
0.00990605354309082
0.00999093055725098
0.0096670389175415
0.0101629495620728
0.00988602638244629
0.0099949836730957
0.00994706153869629
0.0101039409637451
0.0100059509277344
0.010174036026001
0.00987601280212402
0.00986003875732422
0.0098729133605957
0.0101510286331177
0.00995302200317383
0.0101770162582397
0.00971102714538574
0.0099790096282959
0.0100239515304565
0.0102039575576782
0.00975704193115234
0.0100330114364624
0.00997304916381836
0.0100818872451782
0.00996303558349609
0.00989198684692383
0.0100669860839844
0.00989603996276856
0.0100740194320679
0.0101339817047119
0.00981605052947998
0.00998890399932861
0.00992000102996826
0.0101979970932007
0.00983810424804688
0.00999689102172852
0.00994110107421875
0.0100059509277344
0.0101120471954346
0.0099109411239624
0.00984406471252441
0.0100429058074951
0.00996708869934082
0.010077953338623
0.00996303558349609
0.00995397567749023
0.00994503498077393
0.0101809501647949
0.00989603996276856
0.0098879337310791
0.00998902320861816
0.0100040435791016
0.0100829601287842
0.0099799633026123
0.01003098487854
0.00990200042724609
0.00988101959228516
0.0101339817047119
0.00985705852508545
0.00995099544525146
0.0100860595703125
0.0101639032363892
0.00980603694915772
0.010187029838562
0.00988602638244629
0.00991189479827881
0.0100100040435791
0.00997805595397949
0.0099489688873291
0.0102959871292114
0.00981104373931885
0.00988304615020752
0.00998592376708984
0.0101320743560791
0.00983297824859619
0.0100669860839844
0.0099329948425293
0.0100319385528564
0.00990104675292969
0.0101490020751953
0.00979101657867432
0.00999200344085693
0.00997793674468994
0.0101161003112793
0.00988888740539551
0.010127067565918
0.00981998443603516
0.0100630521774292
0.0122939348220825
0.00770306587219238
0.00979793071746826
0.0100090503692627
0.010003924369812
0.0101920366287231
0.00979197025299072
0.0101770162582397
0.00999307632446289
0.00986993312835693
0.00995099544525146
0.0100569725036621
0.0101650953292847
0.00974500179290772
0.00990593433380127
0.0100829601287842
0.00996005535125732
0.0100899934768677
0.00981402397155762
0.0102230310440063
0.00983190536499023
0.0102050304412842
0.0099250078201294
0.00981998443603516
0.00987601280212402
0.0101189613342285
0.0102120637893677
0.00991404056549072
0.00995194911956787
0.0099790096282959
0.00990200042724609
0.0100109577178955
0.0099560022354126
0.0101190805435181
0.00992095470428467
0.0101480484008789
0.00991594791412354
0.00997304916381836
0.00980198383331299
0.010111927986145
0.0100060701370239
0.010077953338623
0.00969803333282471
0.0102540254592896
0.00979793071746826
0.010051965713501
0.010127067565918
0.0099419355392456
0.00996100902557373
0.00991106033325195
0.0101100206375122
0.00978600978851318
0.00994789600372314
0.0101670026779175
0.00993108749389648
0.0101009607315063
0.00990498065948486
0.00988197326660156
0.00999200344085693
0.0101640224456787
0.00985705852508545
0.00989198684692383
0.0100359916687012
0.0101479291915894
0.00979411602020264
0.0102019309997559
0.00975906848907471
0.0101999044418335
0.010079026222229
0.00992405414581299
0.00975191593170166
0.0100960731506348
0.0100280046463013
0.00998198986053467
0.0100389719009399
0.0100990533828735
0.00968694686889648
0.0103390216827393
0.00975501537322998
0.0100599527359009
0.00991499423980713
0.0100640058517456
0.00981199741363525
0.0101649761199951
0.00974404811859131
0.0101529359817505
0.00984203815460205
0.0104730129241943
0.00973200798034668
0.00986802577972412
0.00992000102996826
0.0101640224456787
0.00996994972229004
0.0100740194320679
0.00998592376708984
0.00990200042724609
0.00980901718139648
0.00996100902557373
0.00987100601196289
0.00999104976654053
0.0100809335708618
0.00982809066772461
0.00991594791412354
0.0101120471954346
0.009895920753479
0.0100690126419067
0.00995099544525146
0.00997400283813477
0.00982105731964111
0.0101050138473511
0.0101749897003174
0.0100579261779785
0.0100970268249512
0.0100330114364624
0.00988399982452393
0.00997495651245117
0.00991201400756836
0.0101070404052734
0.010219931602478
0.0097891092300415
0.00950396060943604
0.0102119445800781
0.0102920532226562
0.00957298278808594
0.00988495349884033
0.0106240510940552
0.00968897342681885
0.009971022605896
0.00998103618621826
0.0100119113922119
0.0100330114364624
0.00989007949829102
0.01003098487854
0.0100769996643066
0.00978994369506836
0.0100619792938232
0.0101500749588013
0.0100239515304565
0.00994706153869629
0.0101289749145508
0.00990200042724609
0.0100569725036621
0.00991499423980713
0.01009202003479
0.00982999801635742
0.0100419521331787
0.0097891092300415
0.0104899406433105
0.00954997539520264
0.0105980634689331
0.00907301902770996
0.0102618932723999
0.0100760459899902
0.00997400283813477
0.00988996028900146
0.0101850032806396
0.00970709323883057
0.0101779699325562
0.00993192195892334
0.00998508930206299
0.00999701023101807
0.0100198984146118
0.00988209247589111
0.0101689100265503
0.00994300842285156
0.0101010799407959
0.00970101356506348
0.0101799964904785
0.0098729133605957
0.0100600719451904
0.00990498065948486
0.0100040435791016
0.00987792015075684
0.0103440284729004
0.00967800617218018
0.0101920366287231
0.00981998443603516
0.0102360248565674
0.00980591773986816
0.00996005535125732
0.00988495349884033
0.0101990699768066
0.00972700119018555
0.0104669332504272
0.00973498821258545
0.00998103618621826
0.00976395606994629
0.0101090669631958
0.00983202457427978
0.010050892829895
0.00979006290435791
0.0100389719009399
0.0100890398025513
0.0102750062942505
0.00966894626617432
0.0102419853210449
0.00976800918579102
0.0105140209197998
0.00993406772613525
0.00969588756561279
0.00988507270812988
0.0102759599685669
0.00975704193115234
0.0099489688873291
0.00958895683288574
0.0103991031646729
0.0099639892578125
0.0100749731063843
0.00987803936004639
0.01025390625
0.00965607166290283
0.0103739500045776
0.00990104675292969
0.00998497009277344
0.00987696647644043
0.0100400447845459
0.00982201099395752
0.0101299285888672
0.00989603996276856
0.00998997688293457
0.00998103618621826
0.0100580453872681
0.0102609395980835
0.00977897644042969
0.00991308689117432
0.00995290279388428
0.00994908809661865
0.0101180076599121
0.00971794128417969
0.0102189779281616
0.00989198684692383
0.00998401641845703
0.0100960731506348
0.00979399681091309
0.0101249217987061
0.0100300312042236
0.00992405414581299
0.0099719762802124
0.00990593433380127
0.0100730657577515
0.00996899604797363
0.0102750062942505
0.009787917137146
0.00989902019500732
0.010079026222229
0.00990498065948486
0.0101610422134399
0.0100400447845459
0.00993490219116211
0.0100120306015015
0.00982606410980225
0.00993597507476807
0.0100369453430176
0.0101380348205566
0.00984203815460205
0.010111927986145
0.00978803634643555
0.0100409984588623
0.0100229978561401
0.0100430250167847
0.010003924369812
0.00981807708740234
0.0100330114364624
0.0101039409637451
0.0099860429763794
0.00989997386932373
0.00992000102996826
0.0100200176239014
0.00999903678894043
0.0100749731063843
0.00987696647644043
0.0099259614944458
0.0100440979003906
0.0101559162139893
0.00985002517700195
0.00997304916381836
0.0100399255752563
0.0100550651550293
0.0100460052490234
0.00986993312835693
0.00992703437805176
0.00993502140045166
0.0100250244140625
0.0101859569549561
0.00983703136444092
0.00995993614196777
0.00995004177093506
0.00994396209716797
0.00996696949005127
0.0102550983428955
0.00979697704315186
0.0101879835128784
0.00991594791412354
0.00991499423980713
0.00998902320861816
0.00993502140045166
0.00992703437805176
0.0101579427719116
0.00992703437805176
0.00998497009277344
0.0165150165557861
0.00438904762268066
0.00885701179504394
0.00995290279388428
0.00996303558349609
0.0101959705352783
0.00999903678894043
0.0100430250167847
0.00994598865509033
0.0100569725036621
0.0100550651550293
0.0100389719009399
0.00992202758789062
0.0099339485168457
0.00989198684692383
0.0101319551467896
0.00975406169891357
0.0100549459457397
0.00999605655670166
0.0100690126419067
0.0101150274276733
0.00999891757965088
0.00987708568572998
0.0099869966506958
0.00995993614196777
0.00992107391357422
0.0100499391555786
0.0100220441818237
0.00985300540924072
0.0101699829101562
0.00982296466827393
0.00994205474853516
0.0100349187850952
0.00993406772613525
0.0101009607315063
0.0098949670791626
0.00994706153869629
0.0100439786911011
0.010064959526062
0.010004997253418
0.00986504554748535
0.0102310180664062
0.00973498821258545
0.00994300842285156
0.0100539922714233
0.00998902320861816
0.0100699663162231
0.00996899604797363
0.0098869800567627
0.0101940631866455
0.0100829601287842
0.00984096527099609
0.00983107089996338
0.010159969329834
0.00984501838684082
0.0100059509277344
0.00990104675292969
0.0100769996643066
0.00988900661468506
0.010138988494873
0.0100280046463013
0.0102109909057617
0.00989294052124023
0.00980007648468018
0.0101410150527954
0.00993096828460693
0.0101569890975952
0.00988495349884033
0.00996208190917969
0.00982892513275146
0.00995302200317383
0.010113000869751
0.0098869800567627
0.0100530385971069
0.00996303558349609
0.0100640058517456
0.00995397567749023
0.0099419355392456
0.00983703136444092
0.0100870132446289
0.00998795032501221
0.00993108749389648
0.0100619792938232
0.00999999046325684
0.0100250244140625
0.0100259780883789
0.0098569393157959
0.0100100040435791
0.00993406772613525
0.0101200342178345
0.00988590717315674
0.0100940465927124
0.00978195667266846
0.0100510120391846
0.0103809833526611
0.00975608825683594
0.00978994369506836
0.0102399587631226
0.00991404056549072
0.010113000869751
0.00992298126220703
0.0112470388412476
0.00819993019104004
0.0102790594100952
0.0100589990615845
0.0100139379501343
0.00991904735565186
0.010004997253418
0.0100400447845459
0.0100349187850952
0.0099560022354126
0.0101830959320068
0.00978195667266846
0.0101649761199951
0.00973796844482422
0.0100330114364624
0.00993001461029053
0.0101040601730347
0.00977694988250732
0.0102030038833618
0.0099869966506958
0.0101499557495117
0.00991606712341309
0.00992000102996826
0.0100849866867065
0.00990700721740723
0.00978195667266846
0.010282039642334
0.00964701175689697
0.0100890398025513
0.0100679397583008
0.010113000869751
0.00997602939605713
0.00980699062347412
0.00998198986053467
0.0100400447845459
0.00996899604797363
0.0100369453430176
0.0100710391998291
0.00988900661468506
0.0100200176239014
0.00985395908355713
0.0102280378341675
0.00990593433380127
0.00988996028900146
0.0101480484008789
0.00984799861907959
0.0100259780883789
0.00979602336883545
0.0101000070571899
0.0103340148925781
0.009613037109375
0.0100369453430176
0.0099949836730957
0.0100380182266235
0.0099799633026123
0.00987207889556885
0.0100799798965454
0.009909987449646
0.0101430416107178
0.00992798805236816
0.00993800163269043
0.00995099544525146
0.009971022605896
0.0100129842758179
0.00998997688293457
0.00998795032501221
0.0099790096282959
0.00994396209716797
0.00994205474853516
0.0103260278701782
0.0100089311599731
0.00981807708740234
0.00995492935180664
0.00987207889556885
0.0100339651107788
0.0099250078201294
0.0101619958877563
0.0100820064544678
0.0099790096282959
0.00981700420379639
0.0100419521331787
0.00986206531524658
0.010003924369812
0.00991106033325195
0.0101189613342285
0.0100040435791016
0.00990700721740723
0.0102299451828003
0.00996601581573486
0.00995004177093506
0.00976097583770752
0.00998497009277344
0.0101679563522339
0.0101070404052734
0.00987601280212402
0.00990903377532959
0.00995492935180664
0.00989198684692383
0.0102100372314453
0.00988495349884033
0.0100840330123901
0.00991201400756836
0.00984501838684082
0.00988996028900146
0.0101090669631958
0.0100549459457397
0.0101760625839233
0.00972294807434082
0.0100799798965454
0.00995099544525146
0.0101929903030396
0.00968503952026367
0.0100389719009399
0.0100200176239014
0.00999701023101807
0.00997698307037354
0.0099719762802124
0.00991201400756836
0.0100870132446289
0.00996303558349609
0.0101879835128784
0.0099179744720459
0.0104349851608276
0.00961899757385254
0.00987899303436279
0.009909987449646
0.00999510288238525
0.00988590717315674
0.0103050470352173
0.00995194911956787
0.00976109504699707
0.010085940361023
0.00987100601196289
0.0099489688873291
0.0100950002670288
0.0100849866867065
0.00999307632446289
0.0099799633026123
0.00996005535125732
0.0101349353790283
0.00989007949829102
0.00999295711517334
0.00986599922180176
0.0105240345001221
0.00954294204711914
0.00977003574371338
0.0099639892578125
0.00988197326660156
0.0102540254592896
0.00986993312835693
0.0100840330123901
0.0102030038833618
0.00978302955627441
0.00995194911956787
0.0100700855255127
0.00992095470428467
0.0101410150527954
0.00975394248962402
0.0100849866867065
0.00997805595397949
0.0099790096282959
0.00984203815460205
0.0100929737091064
0.0101109743118286
0.00994300842285156
0.00986897945404053
0.010045051574707
0.0101629495620728
0.0100530385971069
0.0100319385528564
0.00973200798034668
0.00988101959228516
0.0102349519729614
0.00996208190917969
0.010111927986145
0.00986909866333008
0.00994789600372314
0.00986802577972412
0.0100430250167847
0.0100460052490234
0.00993001461029053
0.00998592376708984
0.00995111465454102
0.00998389720916748
0.00992608070373535
0.0100640058517456
0.0100349187850952
0.00979602336883545
0.0101159811019897
0.00995206832885742
0.0100709199905396
0.0100580453872681
0.00978505611419678
0.00995993614196777
0.0100430250167847
0.0100430250167847
0.0100969076156616
0.00995802879333496
0.00986003875732422
0.0100580453872681
0.0107269287109375
0.00941896438598633
0.0097130537033081
0.00986194610595703
0.0101630687713623
0.0100100040435791
0.0100970268249512
0.00986289978027344
0.00995910167694092
0.0100198984146118
0.00995409488677978
0.010193943977356
0.00980103015899658
0.00990092754364014
0.0101610422134399
0.00993406772613525
0.0100299119949341
0.0100740194320679
0.00993001461029053
0.00990498065948486
0.0099560022354126
0.00995004177093506
0.0100820064544678
0.0101519823074341
0.00991594791412354
0.00981497764587402
0.0100080966949463
0.00989091396331787
0.0100589990615845
0.00995707511901856
0.0100950002670288
0.0103139877319336
0.00970792770385742
0.0100730657577515
0.00980603694915772
0.0100219249725342
0.0100090503692627
0.0098639726638794
0.0101549625396729
0.0101310014724731
0.00978505611419678
0.0101209878921509
0.00985896587371826
0.00989305973052978
0.00999999046325684
0.00992095470428467
0.0100619792938232
0.00985705852508545
0.0104789733886719
0.00981199741363525
0.0099250078201294
0.00989103317260742
0.0100189447402954
0.0100160837173462
0.00991690158843994
0.00997006893157959
0.010200023651123
0.00988197326660156
0.00994694232940674
0.00990700721740723
0.00997304916381836
0.00994396209716797
0.0100370645523071
0.0100499391555786
0.00996005535125732
0.00990700721740723
0.0100789070129395
0.0100940465927124
0.0100009441375732
0.00987005233764648
0.0100150108337402
0.00991594791412354
0.0100650787353516
0.010132908821106
0.00987708568572998
0.00994002819061279
0.010146975517273
0.00993692874908447
0.00991201400756836
0.0099719762802124
0.00996005535125732
0.0099339485168457
0.0102590322494507
0.00977599620819092
0.0100469589233398
0.00983607769012451
0.0101280212402344
0.00979900360107422
0.0102359056472778
0.00980305671691894
0.0100059509277344
0.0101940631866455
0.00984096527099609
0.0100560188293457
0.0101170539855957
0.0102969408035278
0.00980901718139648
0.00988900661468506
0.00971293449401856
0.00998008251190186
0.0110160112380981
0.0090569257736206
0.00990104675292969
0.00971794128417969
0.0101660490036011
0.0102759599685669
0.00997304916381836
0.0101789236068726
0.00987803936004639
0.00953495502471924
0.0101950168609619
0.00969505310058594
0.0100909471511841
0.00991499423980713
0.0101430416107178
0.00983905792236328
0.0101310014724731
0.00981795787811279
0.0100469589233398
0.0101640224456787
0.00992405414581299
0.0101759433746338
0.00970399379730225
0.0099409818649292
0.0100650787353516
0.00977897644042969
0.0104939937591553
0.00976192951202393
0.0102180242538452
0.00976204872131348
0.0100629329681396
0.00995004177093506
0.00996696949005127
0.00998198986053467
0.0100070238113403
0.010032057762146
0.0100789070129395
0.0100070238113403
0.00985097885131836
0.00995802879333496
0.0100830793380737
0.0101358890533447
0.00976800918579102
0.00998210906982422
0.0100148916244507
0.0100430250167847
0.0101140737533569
0.00981795787811279
0.00988101959228516
0.0102599859237671
0.00977003574371338
0.0102119445800781
0.00979304313659668
0.00991594791412354
0.0100460052490234
0.01015305519104
0.00989794731140137
0.00983703136444092
0.0101230144500732
0.0100259780883789
0.0102109909057617
0.00959897041320801
0.00999903678894043
0.0100120306015015
0.00995194911956787
0.0100749731063843
0.00996208190917969
0.0100319385528564
0.0099250078201294
0.0101159811019897
0.00999307632446289
0.009848952293396
0.0100569725036621
0.0099480152130127
0.0100389719009399
0.00995707511901856
0.00999391078948975
0.0100170373916626
0.0100220441818237
0.00978600978851318
0.010125994682312
0.00983500480651856
0.0100569725036621
0.0101879835128784
0.00972902774810791
0.0100729465484619
0.0100719928741455
0.00996303558349609
0.0101380348205566
0.00986993312835693
0.00999307632446289
0.0101019144058228
0.00990903377532959
0.00980603694915772
0.00998497009277344
0.0101059675216675
0.0102159976959229
0.00999200344085693
0.00976502895355225
0.00989198684692383
0.0109900236129761
0.00996303558349609
0.00905191898345947
0.00988602638244629
0.00986301898956299
0.0101699829101562
0.010280966758728
0.00970399379730225
0.0100070238113403
0.0099790096282959
0.00996899604797363
0.0101380348205566
0.0101380348205566
0.00973594188690186
0.00988495349884033
0.0101600885391235
0.00985097885131836
0.00998902320861816
0.0100899934768677
0.00996494293212891
0.0099639892578125
0.0101380348205566
0.00980401039123535
0.0100359916687012
0.0099560022354126
0.00992894172668457
0.0100760459899902
0.00993704795837402
0.0100079774856567
0.0100400447845459
0.00996899604797363
0.00993895530700684
0.00996100902557373
0.0100109577178955
0.0100040435791016
0.00985503196716309
0.010085940361023
0.010077953338623
0.0102260112762451
0.00969803333282471
0.0099719762802124
0.0101100206375122
0.00985002517700195
0.0100879669189453
0.00990307331085205
0.00998389720916748
0.0100250244140625
0.00984907150268555
0.0100289583206177
0.0100150108337402
0.00996100902557373
0.00995302200317383
0.0101569890975952
0.00988101959228516
0.00994789600372314
0.0100311040878296
0.0100100040435791
0.0100909471511841
0.00984501838684082
0.00995397567749023
0.0100879669189453
0.0100510120391846
0.00984406471252441
0.00999593734741211
0.0100200176239014
0.00996804237365723
0.0101339817047119
0.00998401641845703
0.0102649927139282
0.00967192649841309
0.00984704494476318
0.0100799798965454
0.00999999046325684
0.00995004177093506
0.00996899604797363
0.0100209712982178
0.00990104675292969
0.010206937789917
0.00991201400756836
0.010019063949585
0.00982093811035156
0.0100829601287842
0.00995409488677978
0.00997400283813477
0.0100269317626953
0.010004997253418
0.0100100040435791
0.00988304615020752
0.0100589990615845
0.00985503196716309
0.0100299119949341
0.0100580453872681
0.00994598865509033
0.0101209878921509
0.00976002216339111
0.0101109743118286
0.00990605354309082
0.0100189447402954
0.0100170373916626
0.00992894172668457
0.0133200883865356
0.00653398036956787
0.0100469589233398
0.00987303256988525
0.00996792316436768
0.0103650093078613
0.00975298881530762
0.0101140737533569
0.00991296768188477
0.0101369619369507
0.0099869966506958
0.00983309745788574
0.0101349353790283
0.010125994682312
0.00968003273010254
0.0100469589233398
0.0100150108337402
0.00990700721740723
0.010017991065979
0.0100070238113403
0.00994205474853516
0.0102269649505615
0.00976300239562988
0.00999999046325684
0.0098799467086792
0.0102220773696899
0.00980997085571289
0.0100810527801514
0.00987100601196289
0.0101989507675171
0.00994002819061279
0.00987899303436279
0.00995397567749023
0.0101209878921509
0.00995898246765137
0.0100250244140625
0.00990498065948486
0.0100220441818237
0.00981497764587402
0.010221004486084
0.0098029375076294
0.0102750062942505
0.00973105430603027
0.0100909471511841
0.00999104976654053
0.00996899604797363
0.0098719596862793
0.0100270509719849
0.0099560022354126
0.00994598865509033
0.0100829601287842
0.0099480152130127
0.00997805595397949
0.0101439952850342
0.00974702835083008
0.010145902633667
0.00993609428405762
0.00998997688293457
0.0101050138473511
0.00983595848083496
0.00993204116821289
0.0099790096282959
0.0101039409637451
0.010045051574707
0.00979292392730713
0.010017991065979
0.0100170373916626
0.0100950002670288
0.0101720094680786
0.00981295108795166
0.0100359916687012
0.00979304313659668
0.0103269815444946
0.00986802577972412
0.00989997386932373
0.0100120306015015
0.0101209878921509
0.00975799560546875
0.0103640556335449
0.00981199741363525
0.0100599527359009
0.00990200042724609
0.00972998142242432
0.00980305671691894
0.0103349685668945
0.00986194610595703
0.010125994682312
0.00991308689117432
0.010051965713501
0.00982105731964111
0.0103319883346558
0.0098339319229126
0.00998306274414062
0.00993800163269043
0.0100089311599731
0.00999701023101807
0.0100389719009399
0.00985205173492432
0.0101059675216675
0.00984001159667969
0.0152570009231567
0.00486099720001221
0.00995206832885742
0.00983297824859619
0.0102699995040894
0.00977599620819092
0.0101100206375122
0.00979495048522949
0.0101760625839233
0.00986695289611816
0.0100269317626953
0.00990808010101318
0.010066032409668
0.0104199647903442
0.0095750093460083
0.00986099243164062
0.0101319551467896
0.00995004177093506
0.0101709365844727
0.00984704494476318
0.0101230144500732
0.00989603996276856
0.010051965713501
0.00975799560546875
0.0100950002670288
0.00990498065948486
0.0100480318069458
0.00998198986053467
0.00993895530700684
0.0100129842758179
0.0101790428161621
0.00977897644042969
0.0101300477981567
0.00978994369506836
0.0101240873336792
0.00990891456604004
0.0100129842758179
0.00997209548950195
0.0100569725036621
0.0099329948425293
0.00995898246765137
0.0110150575637817
0.0091559886932373
0.0099339485168457
0.0100870132446289
0.00984394550323486
0.0101211071014404
0.00979197025299072
0.0100299119949341
0.00987207889556885
0.0102559328079224
0.00970900058746338
0.0100570917129517
0.010004997253418
0.00992298126220703
0.0100200176239014
0.0100330114364624
0.00997793674468994
0.0099409818649292
0.0101140737533569
0.00994300842285156
0.00988495349884033
0.0100599527359009
0.00993800163269043
0.0100700855255127
0.00989198684692383
0.0100150108337402
0.00993895530700684
0.0101900100708008
0.00992703437805176
0.00993800163269043
0.00979089736938477
0.0101720094680786
0.010032057762146
0.00982403755187988
0.0100280046463013
0.00999295711517334
0.00996494293212891
0.0101960897445679
0.00972497463226318
0.0100699663162231
0.00995004177093506
0.0101410150527954
0.00977897644042969
0.010051965713501
0.00994002819061279
0.0100029706954956
0.0101280212402344
0.00991904735565186
0.00988292694091797
0.010127067565918
0.0100029706954956
0.00992000102996826
0.0103049278259277
0.00982105731964111
0.00980901718139648
0.0101799964904785
0.0100480318069458
0.00983595848083496
0.00988805294036865
0.0111269950866699
0.00900590419769287
0.00989508628845215
0.00971400737762451
0.00998997688293457
0.0103269815444946
0.00989699363708496
0.0100289583206177
0.0101730823516846
0.009787917137146
0.0101580619812012
0.00971102714538574
0.0100419521331787
0.00999295711517334
0.0101990699768066
0.00971496105194092
0.0100970268249512
0.00987899303436279
0.0100629329681396
0.0100640058517456
0.0100220441818237
0.0100489854812622
0.00981307029724121
0.0101629495620728
0.00979804992675781
0.0098809003829956
0.0101770162582397
0.00995004177093506
0.0101219415664673
0.00971901416778564
0.0101040601730347
0.00985395908355713
0.0101059675216675
0.00991308689117432
0.0100529193878174
0.00993108749389648
0.0100150108337402
0.0100460052490234
0.00991594791412354
0.0100330114364624
0.00986802577972412
0.0102289915084839
0.00998997688293457
0.00987899303436279
0.0100530385971069
0.00982201099395752
0.0101659297943115
0.00979304313659668
0.00998497009277344
0.01009202003479
0.00997793674468994
0.00995910167694092
0.00999796390533447
0.00993502140045166
0.00996100902557373
0.00996696949005127
0.0101219415664673
0.00981605052947998
0.0100719928741455
0.0099480152130127
0.0103210210800171
0.00998997688293457
0.00987803936004639
0.00989699363708496
0.0100119113922119
0.0100799798965454
0.00987303256988525
0.0099329948425293
0.00994408130645752
0.00999796390533447
0.0101209878921509
0.00984203815460205
0.0101449489593506
0.00977003574371338
0.0102349519729614
0.00977599620819092
0.0100150108337402
0.0100280046463013
0.0101749897003174
0.00984501838684082
0.00996303558349609
0.0099029541015625
0.0100460052490234
0.00998198986053467
0.00994503498077393
0.0099639892578125
0.0100510120391846
0.009956955909729
0.0101460218429565
0.00992703437805176
0.00996494293212891
0.00997400283813477
0.0100020170211792
0.00986504554748535
0.0100690126419067
0.0100139379501343
0.010064959526062
0.00990402698516846
0.00989806652069092
0.0100089311599731
0.010019063949585
0.0101559162139893
0.00983810424804688
0.00974488258361816
0.0101970434188843
0.0098869800567627
0.0100760459899902
0.00976002216339111
0.00989198684692383
0.0105109214782715
0.00965011119842529
0.00995993614196777
0.0102009773254395
0.0097280740737915
0.0102980136871338
0.0100669860839844
0.00978600978851318
0.00996589660644531
0.00999307632446289
0.010004997253418
0.0101419687271118
0.0099409818649292
0.0100589990615845
0.00992000102996826
0.00994408130645752
0.0099189281463623
0.00995802879333496
0.00995397567749023
0.0100690126419067
0.0101339817047119
0.00984799861907959
0.00997805595397949
0.0100229978561401
0.00985193252563477
0.0102460384368896
0.00984001159667969
0.0100120306015015
0.0099109411239624
0.0101250410079956
0.00977301597595215
0.0103039741516113
0.00993692874908447
0.00984311103820801
0.010051965713501
0.00999701023101807
0.00992894172668457
0.00994706153869629
0.0099639892578125
0.0102189779281616
0.00979197025299072
0.0102880001068115
0.00985407829284668
0.0098259449005127
0.00985002517700195
0.00997292995452881
0.0101240873336792
0.0100560188293457
0.0100069046020508
0.00987601280212402
0.0100439786911011
0.010080099105835
0.00976598262786865
0.0102440118789673
0.00987696647644043
0.0101289749145508
0.00988197326660156
0.0099409818649292
0.00974810123443604
0.0100769996643066
0.0098949670791626
0.0101209878921509
0.00995099544525146
0.00998497009277344
0.00986599922180176
0.0101230144500732
0.00987803936004639
0.010113000869751
0.00988101959228516
0.00997292995452881
0.0100280046463013
0.0101540088653564
0.00973403453826904
0.0101510286331177
0.00989699363708496
0.0100159645080566
0.0098029375076294
0.0103100538253784
0.0100040435791016
0.00995492935180664
0.0100580453872681
0.010017991065979
0.010017991065979
0.0098869800567627
0.00992202758789062
0.010208010673523
0.00966203212738037
0.0101809501647949
0.00990903377532959
0.00999796390533447
0.0100699663162231
0.00990903377532959
0.0101989507675171
0.00982308387756348
0.009971022605896
0.00977897644042969
0.0101299285888672
0.0101840496063232
0.00978803634643555
0.0100690126419067
0.009956955909729
0.0102399587631226
0.00975406169891357
0.0101009607315063
0.00980806350708008
0.0101199150085449
0.0100209712982178
0.0100260972976685
0.00995194911956787
0.00987303256988525
0.00997292995452881
0.0100760459899902
0.00994396209716797
0.0102740526199341
0.00962698459625244
0.010200023651123
0.00980401039123535
0.0101009607315063
0.00985896587371826
0.00997400283813477
0.0100940465927124
0.00994694232940674
0.0100491046905518
0.00991499423980713
0.00992691516876221
0.0100340843200684
0.00996100902557373
0.00991499423980713
0.00999796390533447
0.0101200342178345
0.0098719596862793
0.0102410316467285
0.00978291034698486
0.0101300477981567
0.00977599620819092
0.0101799964904785
0.0100170373916626
0.0098419189453125
0.00998306274414062
0.009971022605896
0.00998902320861816
0.0101749897003174
0.009787917137146
0.00999200344085693
0.0100480318069458
0.0100719928741455
0.00985598564147949
0.00994598865509033
0.00998508930206299
0.00999295711517334
0.00998198986053467
0.0101850032806396
0.0100530385971069
0.009956955909729
0.00990498065948486
0.00992000102996826
0.0100960731506348
0.0101048946380615
0.00973904132843018
0.0102139711380005
0.00978004932403564
0.0101430416107178
0.00984299182891846
0.0100939273834229
0.00980806350708008
0.010004997253418
0.00994598865509033
0.0101020336151123
0.00996994972229004
0.00991904735565186
0.0099189281463623
0.0101050138473511
0.00993597507476807
0.0101250410079956
0.00978600978851318
0.0100909471511841
0.0099719762802124
0.0100530385971069
0.00996899604797363
0.00999701023101807
0.00987505912780762
0.00999999046325684
0.0103739500045776
0.00967705249786377
0.00986790657043457
0.0100541114807129
0.0099339485168457
0.0103069543838501
0.00967609882354736
0.0100229978561401
0.0098578929901123
0.010233998298645
0.0113739967346191
0.00856900215148926
0.00983905792236328
0.00980699062347412
0.0103460550308228
0.00997090339660644
0.00998902320861816
0.00992000102996826
0.0100990533828735
0.00988602638244629
0.00983989238739014
0.0101070404052734
0.00986802577972412
0.0101410150527954
0.00978899002075195
0.0104160308837891
0.00982093811035156
0.00988304615020752
0.0099259614944458
0.0100940465927124
0.00985097885131836
0.0101560354232788
0.00989699363708496
0.0100460052490234
0.00974297523498535
0.010098934173584
0.0100520849227905
0.0100809335708618
0.00980997085571289
0.0101799964904785
0.00989603996276856
0.00993800163269043
