0.01
0.00996994972229004
0.0100070238113403
0.00975906848907471
0.0100499391555786
0.00989699363708496
0.0101549625396729
0.00991308689117432
0.0100109577178955
0.0100469589233398
0.0102500915527344
0.00976991653442383
0.0101680755615234
0.0102829933166504
0.00967991352081299
0.0104690790176392
0.00972700119018555
0.0102779865264893
0.00980103015899658
0.0100299119949341
0.0103830099105835
0.00970208644866943
0.0101159811019897
0.00970697402954102
0.0101649761199951
0.0101569890975952
0.00977098941802978
0.0101161003112793
0.00978195667266846
0.0102280378341675
0.0101799964904785
0.0095219612121582
0.0102319717407227
0.00967907905578613
0.0100688934326172
0.0102770328521729
0.00977504253387451
0.00977492332458496
0.00998508930206299
0.0104019641876221
0.0103030204772949
0.00950992107391357
0.0099329948425293
0.00968408584594727
0.0103600025177002
0.00969696044921875
0.0106160640716553
0.00964200496673584
0.00991392135620117
0.00996899604797363
0.00987207889556885
0.0100549459457397
0.0101449489593506
0.0096290111541748
0.0101070404052734
0.0103009939193726
0.00985896587371826
0.00947201251983643
0.0102180242538452
0.0103189945220947
0.00984704494476318
0.00994598865509033
0.0101690292358398
0.009848952293396
0.00998902320861816
0.010545015335083
0.00942790508270264
0.0100860595703125
0.00987899303436279
0.0125479698181152
0.00698697566986084
0.0101200342178345
0.0101890563964844
0.0100330114364624
0.010085940361023
0.00996005535125732
0.0100629329681396
0.0101050138473511
0.00978302955627441
0.0100560188293457
0.00980889797210693
0.00999104976654053
0.0102900266647339
0.00962996482849121
0.0100129842758179
0.00998008251190186
0.00996589660644531
0.0102670192718506
0.00972902774810791
0.0100040435791016
0.0101009607315063
0.00982701778411865
0.0100690126419067
0.00982201099395752
0.0100609064102173
0.00999104976654053
0.0100599527359009
0.00987803936004639
0.010113000869751
0.00991904735565186
0.00991392135620117
0.0100539922714233
0.00990307331085205
0.0102880001068115
0.0100669860839844
0.00968503952026367
0.0099109411239624
0.0100150108337402
0.00997698307037354
0.0100769996643066
0.010004997253418
0.0101829767227173
0.00992703437805176
0.00972604751586914
0.0101929903030396
0.00975394248962402
0.00998902320861816
0.0100460052490234
0.00998401641845703
0.0100300312042236
0.00987899303436279
0.0100330114364624
0.0100359916687012
0.00993096828460693
0.0102119445800781
0.00993502140045166
0.00985205173492432
0.00996100902557373
0.00991201400756836
0.0101538896560669
0.00997507572174072
0.00996303558349609
0.00987696647644043
0.0100129842758179
0.00999593734741211
0.010059118270874
0.00999295711517334
0.00995194911956787
0.0100960731506348
0.00991296768188477
0.0098719596862793
0.00998401641845703
0.0100680589675903
0.0099409818649292
0.009971022605896
0.00995099544525146
0.0101149082183838
0.010004997253418
0.00984108448028564
0.010316014289856
0.00980889797210693
0.00993204116821289
0.0100280046463013
0.00999200344085693
0.00995099544525146
0.0101549625396729
0.00994503498077393
0.00984203815460205
0.00993692874908447
0.0100750923156738
0.0099179744720459
0.0100799798965454
0.00997698307037354
0.0100380182266235
0.00989794731140137
0.00988304615020752
0.0100229978561401
0.00994396209716797
0.0100010633468628
0.0136579275131226
0.00631701946258545
0.00992107391357422
0.0100809335708618
0.00989198684692383
0.0102469921112061
0.0102241039276123
0.00971388816833496
0.00989603996276856
0.00999701023101807
0.00972604751586914
0.010145902633667
0.00996303558349609
0.00994300842285156
0.01009202003479
0.00981998443603516
0.00997698307037354
0.0101289749145508
0.00990307331085205
0.0100399255752563
0.00985610485076904
0.0103309154510498
0.00959908962249756
0.0102928876876831
0.00994610786437988
0.0100328922271729
0.00997507572174072
0.00993096828460693
0.00997006893157959
0.0100328922271729
0.00993907451629639
0.010219931602478
0.00979101657867432
0.0100280046463013
0.0100300312042236
0.0101100206375122
0.00977396965026856
0.0100480318069458
0.0099419355392456
0.0101460218429565
0.00982904434204102
0.0100059509277344
0.0102779865264893
0.00980198383331299
0.00986206531524658
0.0102180242538452
0.00983893871307373
0.00992298126220703
0.0099409818649292
0.0100350379943848
0.00990903377532959
0.0100619792938232
0.009956955909729
0.00997507572174072
0.00998592376708984
0.0102280378341675
0.00985300540924072
0.00996100902557373
0.010017991065979
0.0100009441375732
0.00994408130645752
0.0098879337310791
0.0100380182266235
0.00998497009277344
0.0100080966949463
0.00993895530700684
0.010032057762146
0.00999593734741211
0.00998795032501221
0.0101380348205566
0.0100430250167847
0.0100100040435791
0.0098639726638794
0.0102150440216064
0.00975298881530762
0.0101590156555176
0.00975000858306885
0.0099560022354126
0.0100009441375732
0.00992202758789062
0.0100769996643066
0.00992202758789062
0.0099480152130127
0.0102109909057617
0.00975000858306885
0.0101299285888672
0.00987601280212402
0.0102180242538452
0.00991296768188477
0.00992107391357422
0.0100328922271729
0.00991106033325195
0.0099790096282959
0.0102429389953613
0.00994205474853516
0.00989401340484619
0.00978195667266846
0.0100020170211792
0.0101720094680786
0.00995099544525146
0.0137649774551392
0.00604605674743652
0.00997400283813477
0.00990200042724609
0.0102059841156006
0.0099250078201294
0.0100119113922119
0.00999903678894043
0.0100289583206177
0.00989508628845215
0.00998795032501221
0.00999307632446289
0.0100479125976562
0.0100799798965454
0.00973808765411377
0.0101319551467896
0.00990498065948486
0.00998997688293457
0.0100840330123901
0.010079026222229
0.00979304313659668
0.0101809501647949
0.00988399982452393
0.00994300842285156
0.00989699363708496
0.0101579427719116
0.00982999801635742
0.009971022605896
0.0102050304412842
0.00981903076171875
0.00995194911956787
0.00998198986053467
0.00992906093597412
0.0102059841156006
0.0101009607315063
0.00989902019500732
0.00979101657867432
0.0101150274276733
0.0098499059677124
0.0100420713424683
0.00998497009277344
0.00995206832885742
0.00994694232940674
0.010066032409668
0.00999701023101807
0.0100089311599731
0.00989997386932373
0.0100411176681519
0.0099639892578125
0.0100549459457397
0.010019063949585
0.00986695289611816
0.00997495651245117
0.010032057762146
0.00995194911956787
0.0102270841598511
0.00976192951202393
0.0100289583206177
0.010080099105835
0.00989997386932373
0.00995993614196777
0.0100420713424683
0.00992393493652344
0.010017991065979
0.00994503498077393
0.00999796390533447
0.0100719928741455
0.0100980997085571
0.0098879337310791
0.0100810527801514
0.00989294052124023
0.00999701023101807
0.00975501537322998
0.0103939771652222
0.00972104072570801
0.0099719762802124
0.0099860429763794
0.0101169347763062
0.00987601280212402
0.0101250410079956
0.00981402397155762
0.00999295711517334
0.0101100206375122
0.0100189447402954
0.00977206230163574
0.0101799964904785
0.0100839138031006
0.00985109806060791
0.0101609230041504
0.00983905792236328
0.00985300540924072
0.0100380182266235
0.00992894172668457
0.010066032409668
0.00984597206115723
0.0101109743118286
0.0100270509719849
0.0101059675216675
0.00974106788635254
0.0100439786911011
0.0147629976272583
0.0051800012588501
0.00992095470428467
0.010079026222229
0.00980198383331299
0.0101929903030396
0.00995004177093506
0.0101749897003174
0.00981998443603516
0.0103609561920166
0.00974702835083008
0.00993001461029053
0.0100259780883789
0.0101430416107178
0.00967299938201904
0.010051965713501
0.0100120306015015
0.00997495651245117
0.00986206531524658
0.0100969076156616
0.0100730657577515
0.0100569725036621
0.00990498065948486
0.00993907451629639
0.00994992256164551
0.0100489854812622
0.00986206531524658
0.010172963142395
0.00984597206115723
0.0100390911102295
0.00985896587371826
0.0101070404052734
0.00993096828460693
0.00995492935180664
0.00998401641845703
0.00997400283813477
0.00993108749389648
0.0101689100265503
0.00982606410980225
0.010221004486084
0.00976502895355225
0.0100229978561401
0.00992393493652344
0.0101029872894287
0.00992703437805176
0.0101490020751953
0.00975394248962402
0.0101569890975952
0.00977706909179688
0.0101230144500732
0.00995898246765137
0.0101380348205566
0.00979697704315186
0.0101369619369507
0.00983595848083496
0.0102490186691284
0.00974500179290772
0.0100409984588623
0.00989699363708496
0.0101320743560791
0.0101109743118286
0.0101499557495117
0.00997006893157959
0.00984096527099609
0.00972998142242432
0.00999200344085693
0.00987303256988525
0.01003098487854
0.0100409984588623
0.0100630521774292
0.00999093055725098
0.00992703437805176
0.0100209712982178
0.00984501838684082
0.00996804237365723
0.0100259780883789
0.0100870132446289
0.0101169347763062
0.0101480484008789
0.0101180076599121
0.00987303256988525
0.00986099243164062
0.00993895530700684
0.00990605354309082
0.0101429224014282
0.00993001461029053
0.0100129842758179
0.00991404056549072
0.010085940361023
0.0100510120391846
0.00992000102996826
0.0100140571594238
0.0098719596862793
0.0099940299987793
0.0100449323654175
0.00987005233764648
0.00999104976654053
0.0100259780883789
0.00996494293212891
0.010019063949585
0.0155249834060669
0.00445497035980225
0.00995099544525146
0.00995206832885742
0.0100529193878174
0.0098869800567627
0.0102670192718506
0.00980007648468018
0.00998997688293457
0.0100139379501343
0.00996804237365723
0.00994300842285156
0.0101679563522339
0.00987899303436279
0.0099409818649292
0.0101480484008789
0.00983703136444092
0.00992393493652344
0.0101510286331177
0.00990605354309082
0.00995993614196777
0.0102250576019287
0.00986790657043457
0.0100340843200684
0.0100289583206177
0.0099409818649292
0.0100539922714233
0.00989806652069092
0.00988495349884033
0.0100029706954956
0.0100010633468628
0.00989794731140137
0.0101430416107178
0.00986099243164062
0.0101399421691895
0.00984501838684082
0.0101410150527954
0.00986206531524658
0.00983691215515137
0.0100200176239014
0.0103590488433838
0.00971901416778564
0.0100479125976562
0.00998008251190186
0.009956955909729
0.00998306274414062
0.0102189779281616
0.00992894172668457
0.00976002216339111
0.00995802879333496
0.0103180408477783
0.00992095470428467
0.00989294052124023
0.00988709926605225
0.00993597507476807
0.0100089311599731
0.0100650787353516
0.00987696647644043
0.010051965713501
0.00993001461029053
0.0100140571594238
0.0099409818649292
0.00999701023101807
0.0100009441375732
0.0101220607757568
0.00985193252563477
0.00998103618621826
0.0100909471511841
0.00984108448028564
0.0100159645080566
0.0102390050888062
0.00976395606994629
0.0101730823516846
0.00999701023101807
0.0100079774856567
0.00979292392730713
0.010125994682312
0.00977504253387451
0.00996303558349609
0.0100950002670288
0.0101009607315063
0.0101170539855957
0.00972294807434082
0.0100040435791016
0.01003098487854
0.00998103618621826
0.00979197025299072
0.0100589990615845
0.00999999046325684
0.0105359554290771
0.0096430778503418
0.00987589359283447
0.0100640058517456
0.0100460052490234
0.00995802879333496
0.00984704494476318
0.0101919174194336
0.00973010063171387
0.0100529193878174
0.00995206832885742
0.0102499723434448
0.0100170373916626
0.00995099544525146
0.00979292392730713
0.00979304313659668
0.00977897644042969
0.0101950168609619
0.0100409984588623
0.00988495349884033
0.00991404056549072
0.00997304916381836
0.0100330114364624
0.0100359916687012
0.00995099544525146
0.00983095169067383
0.0100810527801514
0.00996899604797363
0.0100239515304565
0.0102319717407227
0.0130000114440918
0.00739002227783203
0.00927698612213135
0.0101070404052734
0.0100510120391846
0.010145902633667
0.00971007347106934
0.00998795032501221
0.0100030899047852
0.00993192195892334
0.00994408130645752
0.0100959539413452
0.00992202758789062
0.010064959526062
0.00995302200317383
0.0100109577178955
0.00995504856109619
0.0100759267807007
0.00988709926605225
0.0100100040435791
0.014333963394165
0.00609302520751953
0.00939798355102539
0.0100399255752563
0.00988209247589111
0.00998497009277344
0.0101399421691895
0.00989007949829102
0.0101590156555176
0.00998091697692871
0.0099719762802124
0.0101079940795898
0.00994300842285156
0.0100700855255127
0.0098649263381958
0.0100100040435791
0.00999104976654053
0.0100219249725342
0.00988399982452393
0.0103540420532227
0.00986099243164062
0.00981903076171875
0.00975096225738525
0.0103449821472168
0.0100240707397461
0.00987398624420166
0.0100539922714233
0.0100029706954956
0.00992906093597412
0.0100250244140625
0.0100950002670288
0.00993490219116211
0.00990307331085205
0.00998497009277344
0.0100189447402954
0.0100430250167847
0.00994706153869629
0.0100950002670288
0.00989902019500732
0.00984394550323486
0.0101150274276733
0.0100269317626953
0.00989103317260742
0.0100229978561401
0.00993001461029053
0.0100580453872681
0.00996899604797363
0.00999093055725098
0.00995707511901856
0.00993597507476807
0.010051965713501
0.010362982749939
0.00971603393554688
0.0099329948425293
0.00989997386932373
0.0100090503692627
0.00996696949005127
0.0099940299987793
0.00999295711517334
0.0099790096282959
0.0100400447845459
0.0100059509277344
0.0101940631866455
0.00971591472625732
0.00986099243164062
0.00995409488677978
0.0100439786911011
0.0103129148483276
0.00996100902557373
0.0099790096282959
0.00985407829284668
0.0100369453430176
0.00997805595397949
0.00996196269989014
0.0101510286331177
0.00981295108795166
0.0099179744720459
0.0100600719451904
0.00990891456604004
0.0100390911102295
0.0101799964904785
0.00978195667266846
0.0101480484008789
0.00986194610595703
0.00998103618621826
0.0101089477539062
0.00987303256988525
0.00992703437805176
0.0100100040435791
0.0100549459457397
0.0099250078201294
0.00997602939605713
0.00999891757965088
0.00998008251190186
0.00992393493652344
0.0100619792938232
0.00984501838684082
0.0101420879364014
0.00991594791412354
0.010079026222229
0.0099339485168457
0.0099250078201294
0.010138988494873
0.00985407829284668
0.0101209878921509
0.0099719762802124
0.00984299182891846
0.0101209878921509
0.00990200042724609
0.0101569890975952
0.00987899303436279
0.0100769996643066
0.0099329948425293
0.0100210905075073
0.0099419355392456
0.009956955909729
0.00989401340484619
0.0101960897445679
0.00985896587371826
0.00989103317260742
0.00999391078948975
0.0100430250167847
0.00997304916381836
0.0100409984588623
0.00994992256164551
0.0100370645523071
0.00988399982452393
0.0102469921112061
0.00976395606994629
0.0100060701370239
0.0102899074554443
0.00973010063171387
0.0100429058074951
0.00986707210540772
0.010016918182373
0.00992608070373535
0.0100089311599731
0.0101150274276733
0.00990104675292969
0.0100269317626953
0.00990402698516846
0.0100100040435791
0.0100259780883789
0.00988101959228516
0.0100950002670288
0.0100259780883789
0.0100420713424683
0.00993692874908447
0.00990903377532959
0.00997805595397949
0.0100148916244507
0.00991499423980713
0.0102390050888062
0.00975704193115234
0.0100170373916626
0.0100829601287842
0.00985598564147949
0.0101300477981567
0.0100020170211792
0.00991296768188477
0.00998198986053467
0.0100140571594238
0.0101009607315063
0.00978803634643555
0.00990700721740723
0.0098799467086792
0.0102219581604004
0.0099869966506958
0.0100750923156738
0.0098038911819458
0.0102750062942505
0.00982105731964111
0.00992393493652344
0.0100510120391846
0.0099860429763794
0.00991404056549072
0.0099480152130127
0.0100189447402954
0.0102310180664062
0.0098259449005127
0.01009202003479
0.00988197326660156
0.0100730657577515
0.00994694232940674
0.00984704494476318
0.0100350379943848
0.00989997386932373
0.0100890398025513
0.0100409984588623
0.009909987449646
0.00998294353485107
0.00998306274414062
0.0099790096282959
0.00995790958404541
0.0100129842758179
0.0100560188293457
0.00990307331085205
0.0099949836730957
0.00999093055725098
0.0100129842758179
0.0100460052490234
0.0101090669631958
0.00980496406555176
0.00987505912780762
0.00996696949005127
0.0100109577178955
0.0104360580444336
0.00994598865509033
0.00986099243164062
0.00987899303436279
0.0099489688873291
0.00995302200317383
0.0099179744720459
0.0102009773254395
0.00977802276611328
0.0100840330123901
0.00991499423980713
0.0102269649505615
0.00986206531524658
0.00993597507476807
0.0099480152130127
0.0099860429763794
0.00999093055725098
0.010019063949585
0.00993692874908447
0.0100870132446289
0.00989103317260742
0.0100409984588623
0.0101069211959839
0.0100340843200684
0.00988101959228516
0.0102289915084839
0.00981199741363525
0.00982201099395752
0.0099799633026123
0.0100610256195068
0.0099480152130127
0.009956955909729
0.0100270509719849
0.00995099544525146
0.010017991065979
0.00997495651245117
0.00994503498077393
0.0099259614944458
0.010159969329834
0.0100890398025513
0.00976896286010742
0.0100640058517456
0.00997805595397949
0.00992190837860107
0.0100181102752686
0.0100369453430176
0.0100669860839844
0.00987398624420166
0.0100290775299072
0.00997090339660644
0.00993704795837402
0.0100909471511841
0.00989806652069092
0.00992393493652344
0.00992310047149658
0.0101429224014282
0.0115530490875244
0.00848603248596191
0.00979495048522949
0.00988101959228516
0.0100889205932617
0.0100390911102295
0.0103750228881836
0.010125994682312
0.0094689130783081
0.0102500915527344
0.0099949836730957
0.0098499059677124
0.00993704795837402
0.00986301898956299
0.00999903678894043
0.0100558996200562
0.00998806953430176
0.0099719762802124
0.00999295711517334
0.00994205474853516
0.00993502140045166
0.0103189945220947
0.00988996028900146
0.0099940299987793
0.00995099544525146
0.00992703437805176
0.00995397567749023
0.0100350379943848
0.0098719596862793
0.00996994972229004
0.0099949836730957
0.0100409984588623
0.00997602939605713
0.00996899604797363
0.00991499423980713
0.0100570917129517
0.0100879669189453
0.010003924369812
0.00990509986877441
0.00999891757965088
0.0099480152130127
0.0101300477981567
0.00998401641845703
0.00978195667266846
0.00996994972229004
0.0101200342178345
0.0099489688873291
0.0100270509719849
0.00992000102996826
0.00993502140045166
0.0101759433746338
0.00984597206115723
0.0100181102752686
0.0100189447402954
0.009956955909729
0.0101310014724731
0.0100820064544678
0.00997507572174072
0.0097649097442627
0.00995910167694092
0.0100280046463013
0.0100100040435791
0.0100638866424561
0.0100640058517456
0.00995206832885742
0.00990200042724609
0.0099189281463623
0.0100220441818237
0.00997698307037354
0.010051965713501
0.0101190805435181
0.0099719762802124
0.00970196723937988
0.0100700855255127
0.00985491275787354
0.0101410150527954
0.00983107089996338
0.0101099014282227
0.00990009307861328
0.0100389719009399
0.00999593734741211
0.00992608070373535
0.0100189447402954
0.0099869966506958
0.01003098487854
0.0103009939193726
0.00972902774810791
0.0100200176239014
0.00995004177093506
0.00992190837860107
0.0103170871734619
0.00989902019500732
0.00979888439178467
0.00992810726165772
0.0100399255752563
0.010017991065979
0.00988805294036865
0.0100150108337402
0.009956955909729
0.0101450681686401
0.020177960395813
0.000254034996032715
0.00900399684906006
0.0103509426116943
0.00997698307037354
0.0101649761199951
0.00999200344085693
0.00993907451629639
0.00995397567749023
0.00997805595397949
0.00992095470428467
0.0100409984588623
0.00993597507476807
0.0100280046463013
0.00994300842285156
0.0101820230484009
0.0099409818649292
0.00991904735565186
0.0099259614944458
0.0100510120391846
0.0101209878921509
0.0100300312042236
0.00976693630218506
0.0101339817047119
0.00991404056549072
0.00992298126220703
0.00992000102996826
0.0101439952850342
0.00995802879333496
0.0101419687271118
0.00993406772613525
0.00996792316436768
0.00994300842285156
0.00986802577972412
0.00994205474853516
0.0100349187850952
0.00996696949005127
0.00992310047149658
0.010064959526062
0.00994694232940674
0.0100721120834351
0.0101659297943115
0.00978004932403564
0.0101519823074341
0.0098649263381958
0.00996899604797363
0.00998806953430176
0.00999593734741211
0.00999307632446289
0.0100449323654175
0.0100160837173462
0.00982093811035156
0.0099860429763794
0.0100399255752563
0.00995206832885742
0.0102640390396118
0.00965499877929688
0.0101749897003174
0.00989997386932373
0.0099029541015625
0.0099940299987793
0.00995504856109619
0.0102279186248779
0.00989305973052978
0.00991201400756836
0.0100469589233398
0.00993704795837402
0.0099869966506958
0.00995397567749023
0.0099869966506958
0.0100059509277344
0.00992608070373535
0.0100619792938232
0.010077953338623
0.00990700721740723
0.00997495651245117
0.0101690292358398
0.00995898246765137
0.00996601581573486
0.00987696647644043
0.00997602939605713
0.00998401641845703
0.00992906093597412
0.010219931602478
0.00982904434204102
0.00998497009277344
0.00990200042724609
0.00998997688293457
0.0100769996643066
0.00985705852508545
0.0100200176239014
0.0100409984588623
0.0101989507675171
0.0098949670791626
0.00977897644042969
0.0100780725479126
0.0100040435791016
0.0099639892578125
0.00994300842285156
0.010003924369812
0.0142110586166382
0.00587797164916992
0.00992000102996826
0.00989294052124023
0.00982308387756348
0.0102800130844116
0.00978398323059082
0.0101249217987061
0.0101701021194458
0.00989997386932373
0.00982701778411865
0.0100529193878174
0.00992703437805176
0.010138988494873
0.00982999801635742
0.0100469589233398
0.0100730657577515
0.00993001461029053
0.0100109577178955
0.0100910663604736
0.00981700420379639
0.0102149248123169
0.00976800918579102
0.0101840496063232
0.00978600978851318
0.0100609064102173
0.0100580453872681
0.00985097885131836
0.0101519823074341
0.00980699062347412
0.010004997253418
0.00985908508300781
0.0100349187850952
0.0100330114364624
0.0100810527801514
0.0100710391998291
0.00992298126220703
0.00994491577148438
0.00988602638244629
0.0100550651550293
0.0101199150085449
0.00990700721740723
0.00994205474853516
0.00998401641845703
0.00988197326660156
0.0100480318069458
0.0100359916687012
0.00995492935180664
0.0099409818649292
0.0100001096725464
0.0101549625396729
0.00996303558349609
0.009895920753479
0.0100409984588623
0.00983297824859619
0.0103200674057007
0.00970399379730225
0.0099799633026123
0.00992298126220703
0.0100960731506348
0.0099250078201294
0.0100539922714233
0.00989997386932373
0.0101619958877563
0.00989198684692383
0.00998902320861816
0.00993001461029053
0.0100759267807007
0.0101000070571899
0.00998806953430176
0.00987601280212402
0.0100349187850952
0.00995707511901856
0.0100749731063843
0.00978100299835205
0.0100129842758179
0.0100489854812622
0.0100470781326294
0.00979292392730713
0.0102150440216064
0.00981199741363525
0.00999999046325684
0.00994503498077393
0.0101439952850342
0.0098719596862793
0.0100350379943848
0.00996994972229004
0.0100580453872681
0.00983095169067383
0.0101170539855957
0.00983691215515137
0.0102220773696899
0.00987601280212402
0.0101059675216675
0.00981104373931885
0.0100439786911011
0.0100020170211792
0.0100939273834229
0.00978600978851318
0.0100970268249512
0.0152590274810791
0.00459897518157959
0.0100009441375732
0.0101159811019897
0.00966000556945801
0.0102421045303345
0.0098799467086792
0.0101410150527954
0.00999295711517334
0.00997602939605713
0.00987493991851807
0.010113000869751
0.00989401340484619
0.0101140737533569
0.00986897945404053
0.0100139379501343
0.00998806953430176
0.010111927986145
0.00990700721740723
0.0100640058517456
0.00992202758789062
0.0101139545440674
0.00989711284637451
0.00998091697692871
0.0100209712982178
0.00985705852508545
0.00996196269989014
0.0100700855255127
0.00992798805236816
0.0100799798965454
0.00995492935180664
0.00995302200317383
0.0099949836730957
0.00999605655670166
0.00997602939605713
0.0100820064544678
0.010017991065979
0.00988900661468506
0.00997292995452881
0.00996506214141846
0.0100209712982178
0.00987803936004639
0.0100909471511841
0.0101109743118286
0.00984799861907959
0.0099409818649292
0.0100480318069458
0.00998306274414062
0.0100100040435791
0.010051965713501
0.00982201099395752
0.0100719928741455
0.0102570056915283
0.00957596302032471
0.01009202003479
0.0101139545440674
0.00989603996276856
0.0103150606155396
0.00961399078369141
0.0100489854812622
0.00998902320861816
0.00986599922180176
0.0100769996643066
0.00995290279388428
0.0100370645523071
0.00994002819061279
0.00997400283813477
0.0100339651107788
0.00987803936004639
0.0100479125976562
0.0100569725036621
0.00994408130645752
0.0100690126419067
0.00991499423980713
0.00998795032501221
0.00992703437805176
0.0100499391555786
0.0100040435791016
0.0099799633026123
0.00998008251190186
0.0100100040435791
0.0100139379501343
0.00998198986053467
0.0103169679641724
0.00964808464050293
0.0099189281463623
0.00996804237365723
0.0100679397583008
0.00982201099395752
0.010125994682312
0.00995302200317383
0.00999808311462402
0.0101319551467896
0.0100740194320679
0.00974798202514648
0.0100499391555786
0.00996804237365723
0.00991404056549072
0.0101360082626343
0.0099109411239624
0.010017991065979
0.0102220773696899
0.00970995426177978
0.00990796089172363
0.00993609428405762
0.0101319551467896
0.00993001461029053
0.00995993614196777
0.0100799798965454
0.0100640058517456
0.0100100040435791
0.00987505912780762
0.00999200344085693
0.0099419355392456
0.0101230144500732
0.0100020170211792
0.00981700420379639
0.0100079774856567
0.0099940299987793
0.00996506214141846
0.00994789600372314
0.0102560520172119
0.00978600978851318
0.00993204116821289
0.0100899934768677
0.00998997688293457
0.00992202758789062
0.00996994972229004
0.0100209712982178
0.00993907451629639
0.0100189447402954
0.00998198986053467
0.00991106033325195
0.00999593734741211
0.00999701023101807
0.0100769996643066
0.00994300842285156
0.00994002819061279
0.00993192195892334
0.0100330114364624
0.0101120471954346
0.00994396209716797
0.00995707511901856
0.0101919174194336
0.00978708267211914
0.0100739002227783
0.00995504856109619
0.00995004177093506
0.00998902320861816
0.0100469589233398
0.00992202758789062
0.00999999046325684
0.00993800163269043
0.00986099243164062
0.0101039409637451
0.0100259780883789
0.0104250907897949
0.00968992710113525
0.00983798503875732
0.00998806953430176
0.0100970268249512
0.009787917137146
0.0101230144500732
0.00989902019500732
0.0100380182266235
0.0100159645080566
0.00998401641845703
0.00995504856109619
0.00999295711517334
0.0102159976959229
0.0099719762802124
0.00971901416778564
0.0101799964904785
0.00988805294036865
0.00990796089172363
0.0100419521331787
0.00992703437805176
0.0101519823074341
0.00984203815460205
0.0100380182266235
0.0100560188293457
0.00989997386932373
0.010017991065979
0.0099869966506958
0.0100009441375732
0.00993800163269043
0.0100250244140625
0.0099250078201294
0.00995504856109619
0.010077953338623
0.00998103618621826
0.01003098487854
0.00984501838684082
0.0100430250167847
0.00997090339660644
0.0100520849227905
0.00995290279388428
0.0100260972976685
0.00994300842285156
0.0099419355392456
0.010019063949585
0.0102959871292114
0.00989401340484619
0.00975489616394043
0.00990903377532959
0.0101680755615234
0.00997793674468994
0.00989305973052978
0.0100409984588623
0.00997793674468994
0.0100090503692627
0.00986897945404053
0.0101029872894287
0.00989294052124023
0.0100960731506348
0.0099029541015625
0.0099869966506958
0.00997006893157959
0.0100479125976562
0.0100470781326294
0.00993800163269043
0.0100560188293457
0.00997698307037354
0.0101709365844727
0.00975203514099121
0.00993001461029053
0.0099719762802124
0.0100109577178955
0.00999701023101807
0.00992298126220703
0.0101660490036011
0.00981605052947998
0.0100089311599731
0.0101760625839233
0.0099409818649292
0.0099189281463623
0.00998806953430176
0.0102230310440063
0.00970697402954102
0.00998294353485107
0.010261058807373
0.00977492332458496
0.00998806953430176
0.0100699663162231
0.0100460052490234
0.00976097583770752
0.00996601581573486
0.0100690126419067
0.00995802879333496
0.00993192195892334
0.0101100206375122
0.00996804237365723
0.00991296768188477
0.0100710391998291
0.00996303558349609
0.00994992256164551
0.0102009773254395
0.00973403453826904
0.0101159811019897
0.0098869800567627
0.00999510288238525
0.00995290279388428
0.00998806953430176
0.0100300312042236
0.0101989507675171
0.0100259780883789
0.00995504856109619
0.00969302654266357
0.0100018978118896
0.0100851058959961
0.0099329948425293
0.0100359916687012
0.0100109577178955
0.00983703136444092
0.0100280046463013
0.00996899604797363
0.0101659297943115
0.0100079774856567
0.00974607467651367
0.0100460052490234
0.00996899604797363
0.0100840330123901
0.00989294052124023
0.010077953338623
0.00990200042724609
0.00992906093597412
0.010138988494873
0.00996601581573486
0.0100189447402954
0.0100680589675903
0.00974702835083008
0.0102119445800781
0.00983405113220215
0.010064959526062
0.0100369453430176
0.0100100040435791
0.00994503498077393
0.0100760459899902
0.00982093811035156
0.0100470781326294
0.00999796390533447
0.010098934173584
0.00964903831481934
0.0100680589675903
0.0099869966506958
0.0102699995040894
0.0098259449005127
0.0101040601730347
0.0100829601287842
0.00954997539520264
0.0103529691696167
0.0100210905075073
0.00984299182891846
0.0099560022354126
0.0137429237365723
0.00570201873779297
0.00999808311462402
0.00996291637420654
0.0102570056915283
0.00983405113220215
0.0100769996643066
0.009848952293396
0.0100960731506348
0.0100799798965454
0.00978493690490723
0.00987303256988525
0.0102009773254395
0.00983905792236328
0.0100029706954956
0.0100669860839844
0.0100560188293457
0.00997793674468994
0.00985300540924072
0.0103210210800171
0.00972604751586914
0.00997495651245117
0.0100769996643066
0.00990796089172363
0.00988507270812988
0.00995004177093506
0.010037899017334
0.0100899934768677
0.010977029800415
0.00939106941223144
0.00967299938201904
0.0099029541015625
0.010064959526062
0.0100020170211792
0.00990605354309082
0.0099339485168457
0.0102150440216064
0.00987100601196289
0.0100749731063843
0.00986003875732422
0.0098809003829956
0.0103000402450562
0.0101369619369507
0.00988602638244629
0.0101050138473511
0.00991904735565186
0.00981998443603516
0.010146975517273
0.00992298126220703
0.00993597507476807
0.0100110769271851
0.00993001461029053
0.0100399255752563
0.0101280212402344
0.00993204116821289
0.00987493991851807
0.0100780725479126
0.00993990898132324
0.00992810726165772
0.0100579261779785
0.00999200344085693
0.00990498065948486
0.0100280046463013
0.00999200344085693
0.010004997253418
0.00999605655670166
0.0100029706954956
0.00997805595397949
0.0099419355392456
0.010051965713501
0.0100300312042236
0.00984001159667969
0.0100530385971069
0.00999593734741211
0.0100229978561401
0.00996303558349609
0.0099860429763794
0.0099409818649292
0.0100740194320679
0.00994694232940674
0.0099949836730957
0.0100769996643066
0.00986897945404053
0.0100480318069458
0.00996005535125732
0.00990498065948486
0.00999796390533447
0.0101670026779175
0.00988900661468506
0.00987899303436279
0.0098869800567627
0.0102100372314453
0.00988996028900146
0.0101350545883179
0.00984096527099609
0.0100120306015015
0.0100480318069458
0.00989890098571777
0.0104250907897949
0.00967693328857422
0.00989305973052978
0.0102039575576782
0.00994300842285156
0.00998902320861816
