0.01
0.00944697856903076
0.00989603996276856
0.0101000070571899
0.00992488861083984
0.00998401641845703
0.010017991065979
0.0101300477981567
0.0100250244140625
0.0099940299987793
0.0102959871292114
0.0100909471511841
0.0101540088653564
0.01009202003479
0.00965392589569092
0.0101050138473511
0.00983309745788574
0.0101549625396729
0.00984597206115723
0.00996005535125732
0.0101979970932007
0.0100189447402954
0.00986802577972412
0.0102089643478394
0.00978207588195801
0.0100659132003784
0.00989401340484619
0.0100090503692627
0.010125994682312
0.00978493690490723
0.00999605655670166
0.0102030038833618
0.00984501838684082
0.0101059675216675
0.00978493690490723
0.00999701023101807
0.0100640058517456
0.0100270509719849
0.0101430416107178
0.00955593585968018
0.0102829933166504
0.00990605354309082
0.00997400283813477
0.0101490020751953
0.00956690311431885
0.0102510452270508
0.0100280046463013
0.009971022605896
0.00999295711517334
0.00983107089996338
0.0102699995040894
0.00976192951202393
0.0100090503692627
0.0125579833984375
0.00733602046966553
0.00985300540924072
0.0101559162139893
0.00977802276611328
0.0100280046463013
0.0102800130844116
0.0100840330123901
0.00967001914978027
0.0102649927139282
0.00992894172668457
0.00968301296234131
0.0100929737091064
0.010004997253418
0.00995206832885742
0.00992298126220703
0.0100380182266235
0.00995802879333496
0.0101419687271118
0.00993895530700684
0.00994408130645752
0.0100259780883789
0.00988197326660156
0.00993704795837402
0.0101969242095947
0.00990104675292969
0.00996994972229004
0.00998103618621826
0.0099480152130127
0.0099480152130127
0.0100289583206177
0.010045051574707
0.00998294353485107
0.0100009441375732
0.00998806953430176
0.0101679563522339
0.00985908508300781
0.0100839138031006
0.00984203815460205
0.00984597206115723
0.0101230144500732
0.00985205173492432
0.0100809335708618
0.0100120306015015
0.00994002819061279
0.0100319385528564
0.0102560520172119
0.00981199741363525
0.00996494293212891
0.00981199741363525
0.0100690126419067
0.00991404056549072
0.0100899934768677
0.00977897644042969
0.0101250410079956
0.0101659297943115
0.0097510814666748
0.0102529525756836
0.0100079774856567
0.00993108749389648
0.00989294052124023
0.00988996028900146
0.0101079940795898
0.00991308689117432
0.00997400283813477
0.00997495651245117
0.00991404056549072
0.00998592376708984
0.0101300477981567
0.0101439952850342
0.00991499423980713
0.0100369453430176
0.00994503498077393
0.00985097885131836
0.00995004177093506
0.00999999046325684
0.0100699663162231
0.010004997253418
0.00988602638244629
0.00997400283813477
0.0100370645523071
0.0099719762802124
0.0100430250167847
0.00980496406555176
0.0101330280303955
0.00987601280212402
0.0102689266204834
0.0102729797363281
0.00963699817657471
0.0100040435791016
0.00996005535125732
0.00979197025299072
0.0100460052490234
0.0100349187850952
0.00996601581573486
0.0100129842758179
0.00991106033325195
0.0099869966506958
0.0100580453872681
0.00995099544525146
0.0133579969406128
0.00661098957061768
0.0099489688873291
0.00991499423980713
0.0100369453430176
0.00997006893157959
0.0101269483566284
0.00994706153869629
0.010004997253418
0.00990092754364014
0.0101540088653564
0.00987505912780762
0.0100170373916626
0.0100889205932617
0.00983107089996338
0.0099560022354126
0.0100769996643066
0.00992190837860107
0.0101310014724731
0.00989902019500732
0.00990498065948486
0.0101830959320068
0.0098189115524292
0.0102090835571289
0.00998389720916748
0.00979399681091309
0.010140061378479
0.00993895530700684
0.0100080966949463
0.00975394248962402
0.00999903678894043
0.00996494293212891
0.0102620124816895
0.00988900661468506
0.00997805595397949
0.00981795787811279
0.0101690292358398
0.00989198684692383
0.00990700721740723
0.0100849866867065
0.00996303558349609
0.00996494293212891
0.0100330114364624
0.010085940361023
0.00994205474853516
0.0100829601287842
0.00984299182891846
0.00989603996276856
0.00998294353485107
0.00994300842285156
0.0102159976959229
0.00983810424804688
0.0100059509277344
0.00997400283813477
0.00999701023101807
0.00994992256164551
0.0101751089096069
0.00977396965026856
0.0100449323654175
0.010125994682312
0.00988805294036865
0.00994300842285156
0.0100409984588623
0.00990104675292969
0.0102709531784058
0.00972104072570801
0.010016918182373
0.0099480152130127
0.010282039642334
0.00987493991851807
0.00988602638244629
0.00995206832885742
0.0101629495620728
0.00998497009277344
0.00991702079772949
0.00982606410980225
0.00997495651245117
0.0101009607315063
0.00983107089996338
0.0100259780883789
0.0100469589233398
0.00999796390533447
0.0101460218429565
0.00984001159667969
0.00996303558349609
0.00992202758789062
0.0101689100265503
0.0099480152130127
0.00995302200317383
0.0100899934768677
0.00987803936004639
0.010113000869751
0.0100300312042236
0.00999689102172852
0.00989103317260742
0.00982296466827393
0.0100500583648682
0.00993895530700684
0.00991404056549072
0.0100259780883789
0.0143519639968872
0.00571906566619873
0.0099339485168457
0.00983202457427978
0.0100600719451904
0.00994789600372314
0.0101900100708008
0.00993704795837402
0.00992798805236816
0.0100500583648682
0.010024905204773
0.0100030899047852
0.00991189479827881
0.00995302200317383
0.0100110769271851
0.0100079774856567
0.0101059675216675
0.00981605052947998
0.00999295711517334
0.0100350379943848
0.00999593734741211
0.0100470781326294
0.00988399982452393
0.00989294052124023
0.010221004486084
0.00975799560546875
0.010138988494873
0.00991702079772949
0.0100640058517456
0.00990605354309082
0.00995492935180664
0.00993597507476807
0.0100690126419067
0.0100589990615845
0.00987899303436279
0.0100669860839844
0.00990605354309082
0.0100799798965454
0.00982105731964111
0.0100719928741455
0.010024905204773
0.0101970434188843
0.00985598564147949
0.00991106033325195
0.00995492935180664
0.0100359916687012
0.00995206832885742
0.0100330114364624
0.00991594791412354
0.0100849866867065
0.00989603996276856
0.0099799633026123
0.0100350379943848
0.00987899303436279
0.00999701023101807
0.0101169347763062
0.010174036026001
0.00992405414581299
0.00974094867706299
0.0100500583648682
0.0103789567947388
0.00965404510498047
0.00994598865509033
0.00993800163269043
0.0100129842758179
0.00993502140045166
0.0100589990615845
0.0099639892578125
0.00988292694091797
0.010127067565918
0.0101289749145508
0.00978195667266846
0.0099869966506958
0.0101770162582397
0.00989508628845215
0.0100929737091064
0.00984001159667969
0.00999796390533447
0.00984299182891846
0.0101089477539062
0.0100589990615845
0.00984311103820801
0.0100809335708618
0.010017991065979
0.00996696949005127
0.0101200342178345
0.00976204872131348
0.0100359916687012
0.0100300312042236
0.0100829601287842
0.00986099243164062
0.0103590488433838
0.00987696647644043
0.00982999801635742
0.0100599527359009
0.01003098487854
0.00998902320861816
0.0101820230484009
0.00967204570770264
0.0101540088653564
0.015731930732727
0.00394904613494873
0.00999295711517334
0.00983595848083496
0.0101830959320068
0.00976395606994629
0.0103349685668945
0.0103150606155396
0.00966298580169678
0.0100560188293457
0.0100380182266235
0.0100129842758179
0.0100449323654175
0.00978600978851318
0.0101289749145508
0.0102560520172119
0.00972604751586914
0.00972092151641846
0.009971022605896
0.0100209712982178
0.00994598865509033
0.0101480484008789
0.00982201099395752
0.0099109411239624
0.010282039642334
0.00966298580169678
0.0100940465927124
0.0102239847183228
0.00996100902557373
0.00985598564147949
0.0101280212402344
0.00982093811035156
0.0101150274276733
0.00995504856109619
0.009895920753479
0.00991404056549072
0.00996804237365723
0.00997698307037354
0.0100460052490234
0.0098949670791626
0.0100589990615845
0.0100990533828735
0.00999295711517334
0.00979697704315186
0.010064959526062
0.00987601280212402
0.0101300477981567
0.00990104675292969
0.0100359916687012
0.00989997386932373
0.0102050304412842
0.00985288619995117
0.010106086730957
0.0100250244140625
0.00995194911956787
0.00979399681091309
0.0100359916687012
0.00976800918579102
0.0102280378341675
0.00972092151641846
0.0101710557937622
0.00989699363708496
0.0100380182266235
0.00998497009277344
0.00994598865509033
0.00991606712341309
0.0099949836730957
0.0103579759597778
0.009956955909729
0.0098869800567627
0.010045051574707
0.00986003875732422
0.0100469589233398
0.0101560354232788
0.00977802276611328
0.0101739168167114
0.0100530385971069
0.00965297222137451
0.0100780725479126
0.00990390777587891
0.0100750923156738
0.00994598865509033
0.010017991065979
0.010085940361023
0.00973498821258545
0.0100820064544678
0.00998806953430176
0.0101189613342285
0.0102360248565674
0.00977098941802978
0.0100719928741455
0.00986301898956299
0.00991296768188477
0.0102200508117676
0.0100849866867065
0.00963497161865234
0.0101039409637451
0.00987207889556885
0.0099799633026123
0.00999999046325684
0.0167720317840576
0.00337398052215576
0.00989103317260742
0.00983595848083496
0.0101649761199951
0.0102230310440063
0.00999104976654053
0.00987100601196289
0.00988996028900146
0.00993001461029053
0.010085940361023
0.0100070238113403
0.00991702079772949
0.00983405113220215
0.0101279020309448
0.0100600719451904
0.00994491577148438
0.00982809066772461
0.0103589296340942
0.00966405868530273
0.0101900100708008
0.010113000869751
0.00972795486450195
0.00990402698516846
0.0101070404052734
0.00983297824859619
0.0101339817047119
0.00989699363708496
0.00996994972229004
0.00994503498077393
0.010064959526062
0.00988507270812988
0.0101850032806396
0.0103429555892944
0.00965297222137451
0.00978207588195801
0.0101180076599121
0.00993490219116211
0.00996804237365723
0.0101289749145508
0.00983703136444092
0.0100170373916626
0.00996899604797363
0.00997400283813477
0.0102030038833618
0.00976693630218506
0.0101890563964844
0.00974702835083008
0.0100009441375732
0.0100729465484619
0.00989711284637451
0.010050892829895
0.0100539922714233
0.00992310047149658
0.0100870132446289
0.00978291034698486
0.0102510452270508
0.00974893569946289
0.010187029838562
0.00998306274414062
0.00994598865509033
0.0098799467086792
0.00999701023101807
0.0100029706954956
0.0100040435791016
0.00986599922180176
0.0101590156555176
0.0101079940795898
0.0100359916687012
0.00968003273010254
0.0101169347763062
0.0100480318069458
0.0099029541015625
0.00986003875732422
0.0103830099105835
0.00983893871307373
0.00980508327484131
0.010004997253418
0.00992202758789062
0.0100018978118896
0.0099940299987793
0.0100489854812622
0.00996005535125732
0.0100460052490234
0.00991499423980713
0.00997400283813477
0.0100259780883789
0.00987696647644043
0.0103690624237061
0.00963902473449707
0.00999796390533447
0.0100560188293457
0.0101349353790283
0.00982499122619629
0.00998306274414062
0.0099949836730957
0.00995004177093506
0.00994992256164551
0.0101000070571899
0.00992202758789062
0.0100480318069458
0.0100409984588623
0.0101339817047119
0.00960695743560791
0.00983798503875732
0.0100940465927124
0.0101209878921509
0.0100500583648682
0.0100558996200562
0.010017991065979
0.00989401340484619
0.00985801219940186
0.0102180242538452
0.00980496406555176
0.0101209878921509
0.00993704795837402
0.0100729465484619
0.0097581148147583
0.0100929737091064
0.00995302200317383
0.0100479125976562
0.00999307632446289
0.0101279020309448
0.00986111164093018
0.010016918182373
0.00991296768188477
0.00998008251190186
0.0102109909057617
0.00978600978851318
0.0099259614944458
0.0102170705795288
0.00971496105194092
0.0101100206375122
0.0100499391555786
0.0102440118789673
0.00958597660064697
0.0100170373916626
0.0102189779281616
0.00979399681091309
0.0101670026779175
0.00993800163269043
0.00986003875732422
0.0100089311599731
0.00986599922180176
0.0101749897003174
0.00984907150268555
0.00995898246765137
0.00996899604797363
0.0101690292358398
0.00975894927978516
0.0101289749145508
0.0100610256195068
0.00990307331085205
0.00987792015075684
0.00999701023101807
0.0099949836730957
0.0102500915527344
0.00974392890930176
0.010127067565918
0.00976395606994629
0.0101900100708008
0.00990796089172363
0.0100209712982178
0.00990808010101318
0.0100419521331787
0.00983297824859619
0.0102649927139282
0.00978410243988037
0.0100219249725342
0.00997304916381836
0.0100610256195068
0.00989794731140137
0.00999796390533447
0.0100110769271851
0.0100229978561401
0.0100399255752563
0.00998806953430176
0.0098419189453125
0.0101439952850342
0.00986707210540772
0.00995898246765137
0.0100389719009399
0.0099790096282959
0.0099799633026123
0.0100851058959961
0.00992798805236816
0.00998890399932861
0.0101990699768066
0.0098339319229126
0.00988101959228516
0.0102990865707397
0.0098729133605957
0.00989401340484619
0.00992202758789062
0.010079026222229
0.00988292694091797
0.0100129842758179
0.00996601581573486
0.00993204116821289
0.0100359916687012
0.0100810527801514
0.010098934173584
0.010004997253418
0.00968301296234131
0.00983798503875732
0.0103950500488281
0.010219931602478
0.00971806049346924
0.00995397567749023
0.00984203815460205
0.0101410150527954
0.00989401340484619
0.0101048946380615
0.00985503196716309
0.0100010633468628
0.00988900661468506
0.0101408958435059
0.00985801219940186
0.0103710889816284
0.00967597961425781
0.0101239681243896
0.0100100040435791
0.00987100601196289
0.0101139545440674
0.00985908508300781
0.00977396965026856
0.0100820064544678
0.010003924369812
0.0100560188293457
0.00993704795837402
0.0100669860839844
0.00982105731964111
0.0102219581604004
0.00975894927978516
0.0103219747543335
0.00978803634643555
0.00995206832885742
0.00997090339660644
0.0100170373916626
0.00984203815460205
0.0100499391555786
0.0099639892578125
0.0101120471954346
0.0105509757995605
0.00950407981872559
0.00978696346282959
0.0100679397583008
0.00992000102996826
0.010201096534729
0.00971591472625732
0.0100870132446289
0.00993800163269043
0.0101150274276733
0.00983798503875732
0.0101180076599121
0.0099489688873291
0.010159969329834
0.00982511043548584
0.00999689102172852
0.00993609428405762
0.0100159645080566
0.00999903678894043
0.0100539922714233
0.00991499423980713
0.0099560022354126
0.00993001461029053
0.0100799798965454
0.0099109411239624
0.0100280046463013
0.0100730657577515
0.0099790096282959
0.00984096527099609
0.0100200176239014
0.0100820064544678
0.00990700721740723
0.0102219581604004
0.00992405414581299
0.00982189178466797
0.0100580453872681
0.00992703437805176
0.0100239515304565
0.0099719762802124
0.00998401641845703
0.0101070404052734
0.00989997386932373
0.00997602939605713
0.00999593734741211
0.00990903377532959
0.0101079940795898
0.00985300540924072
0.0102189779281616
0.0097740888595581
0.0099869966506958
0.010051965713501
0.009956955909729
0.00989902019500732
0.0103510618209839
0.00990498065948486
0.009848952293396
0.00990307331085205
0.010098934173584
0.011186957359314
0.0087810754776001
0.00980103015899658
0.0100419521331787
0.00993204116821289
0.0101619958877563
0.00991296768188477
0.010138988494873
0.00983798503875732
0.0100820064544678
0.0101569890975952
0.00970602035522461
0.0101189613342285
0.00997209548950195
0.00978195667266846
0.0103180408477783
0.00975298881530762
0.010037899017334
0.00994706153869629
0.0100580453872681
0.0101149082183838
0.00996804237365723
0.00978004932403564
0.0100339651107788
0.00994396209716797
0.00999796390533447
0.00986206531524658
0.0101510286331177
0.00986194610595703
0.01015305519104
0.00996196269989014
0.00992095470428467
0.00998902320861816
0.010045051574707
0.00981998443603516
0.0100640058517456
0.00993800163269043
0.0103659629821777
0.00976896286010742
0.00993609428405762
0.00993490219116211
0.0100440979003906
0.0100079774856567
0.00996494293212891
0.00996601581573486
0.00995302200317383
0.010079026222229
0.0100419521331787
0.0098639726638794
0.0100359916687012
0.00994408130645752
0.0100679397583008
0.00985705852508545
0.0100170373916626
0.00989997386932373
0.0103529691696167
0.00963401794433594
0.0101169347763062
0.00997602939605713
0.0100209712982178
0.00990307331085205
0.0100200176239014
0.0100609064102173
0.00991201400756836
0.00998508930206299
0.010050892829895
0.00987899303436279
0.0100280046463013
0.00991308689117432
0.0100939273834229
0.00995302200317383
0.0099790096282959
0.0103640556335449
0.00966989994049072
0.00998210906982422
0.0100709199905396
0.00981903076171875
0.0101300477981567
0.0106179714202881
0.00944995880126953
0.00980901718139648
0.0100189447402954
0.00987303256988525
0.0101079940795898
0.00992000102996826
0.0100040435791016
0.0100399255752563
0.00994408130645752
0.00996291637420654
0.00999307632446289
0.00992298126220703
0.0100510120391846
0.00995898246765137
0.0104279518127441
0.00947010517120361
0.0100609064102173
0.0099250078201294
0.010221004486084
0.0100170373916626
0.00990200042724609
0.0133860111236572
0.00653195381164551
0.00981903076171875
0.00981700420379639
0.0103130340576172
0.0101529359817505
0.00977599620819092
0.010138988494873
0.00989902019500732
0.00997507572174072
0.00989198684692383
0.0100699663162231
0.0100699663162231
0.0100140571594238
0.0098419189453125
0.0100250244140625
0.00987696647644043
0.01009202003479
0.00996005535125732
0.0100629329681396
0.00996899604797363
0.0101619958877563
0.00977301597595215
0.0100060701370239
0.00987696647644043
0.010017991065979
0.00997495651245117
0.0102930068969727
0.00977599620819092
0.0100260972976685
0.00984692573547363
0.0100650787353516
0.0099189281463623
0.0101439952850342
0.0100020170211792
0.00987803936004639
0.0099259614944458
0.0100140571594238
0.00988197326660156
0.010200023651123
0.0098339319229126
0.0101029872894287
0.00984704494476318
0.0101209878921509
0.0098639726638794
0.0100700855255127
0.00995397567749023
0.0100280046463013
0.00999891757965088
0.0100359916687012
0.00981402397155762
0.0101190805435181
0.00995290279388428
0.0100020170211792
0.010017991065979
0.0102649927139282
0.00972306728363037
0.00996696949005127
0.010248064994812
0.00987398624420166
0.00995993614196777
0.00983703136444092
0.00986504554748535
0.0100879669189453
0.0099179744720459
0.0100079774856567
0.0100259780883789
0.0100260972976685
0.00996899604797363
0.0101779699325562
0.00977504253387451
0.0101369619369507
0.00985896587371826
0.0101029872894287
0.00980997085571289
0.0104420185089111
0.0095440149307251
0.0100650787353516
0.00997793674468994
0.0100040435791016
0.00987398624420166
0.0100679397583008
0.00989401340484619
0.0101410150527954
0.00983405113220215
0.0100769996643066
0.0100020170211792
0.00997495651245117
0.00990593433380127
0.0103490352630615
0.00989806652069092
0.0098869800567627
0.00988996028900146
0.0101120471954346
0.00985598564147949
0.00990903377532959
0.0100429058074951
0.00994908809661865
0.00995993614196777
0.0102499723434448
0.0134700536727905
0.00718498229980469
0.00892102718353272
0.0101979970932007
0.00985801219940186
0.0101649761199951
0.00990700721740723
0.0100549459457397
0.00991809368133545
0.0100638866424561
0.0100131034851074
0.0101050138473511
0.00989091396331787
0.0101810693740845
0.00988495349884033
0.00992906093597412
0.0100069046020508
0.0100640058517456
0.00985908508300781
0.00999796390533447
0.00986003875732422
0.0102099180221558
0.00995504856109619
0.00994992256164551
0.00999009609222412
0.0098649263381958
0.00988805294036865
0.010138988494873
0.00985193252563477
0.0101600885391235
0.00980901718139648
0.01031494140625
0.00970304012298584
0.0101829767227173
0.009909987449646
0.00986695289611816
0.00997006893157959
0.0100170373916626
0.0100899934768677
0.00994491577148438
0.00986802577972412
0.0100760459899902
0.00989794731140137
0.0100780725479126
0.00990498065948486
0.0101289749145508
0.00984203815460205
0.010113000869751
0.00993895530700684
0.010045051574707
0.00983190536499023
0.0105280876159668
0.00969600677490234
0.00982391834259033
0.00994205474853516
0.0100079774856567
0.0101319551467896
0.00983905792236328
0.00987100601196289
0.0102419853210449
0.00979197025299072
0.0100409984588623
0.0099409818649292
0.0100520849227905
0.00991690158843994
0.0103011131286621
0.00987792015075684
0.00994503498077393
0.0100059509277344
0.0100170373916626
0.00982797145843506
0.00997602939605713
0.00994205474853516
0.0101948976516724
0.00981402397155762
0.0100420713424683
0.00999689102172852
0.0100960731506348
0.00986802577972412
0.0101209878921509
0.00970101356506348
0.010111927986145
0.00993704795837402
0.0101109743118286
0.00990104675292969
0.0100079774856567
0.009848952293396
0.0102890729904175
0.00966501235961914
0.0101749897003174
0.00979697704315186
0.0101779699325562
0.00978696346282959
0.0101250410079956
0.0102120637893677
0.00997698307037354
0.00964498519897461
0.0101690292358398
0.00978291034698486
0.0103039741516113
0.0174890756607056
0.00382101535797119
0.00828802585601807
0.0102568864822388
0.0097041130065918
0.0102839469909668
0.0100469589233398
0.00974404811859131
0.0101059675216675
0.0102530717849731
0.00967597961425781
0.0100430250167847
0.0098799467086792
0.0101089477539062
0.00982499122619629
0.0105550289154053
0.00949108600616455
0.0101979970932007
0.00967693328857422
0.0102729797363281
0.00973105430603027
0.0103299617767334
0.00982105731964111
0.0102319717407227
0.00960397720336914
0.0101380348205566
0.00996899604797363
0.0100679397583008
0.0097130537033081
0.0102519989013672
0.00983297824859619
0.0100159645080566
0.00988209247589111
0.0101439952850342
0.00984299182891846
0.0101219415664673
0.00993800163269043
0.0100569725036621
0.00975704193115234
0.0101540088653564
0.0100009441375732
0.0100560188293457
0.00981903076171875
0.0102319717407227
0.00978398323059082
0.0100500583648682
0.0099259614944458
0.0100690126419067
0.00995707511901856
0.00994992256164551
0.0101500749588013
0.0099719762802124
0.00987398624420166
0.0100319385528564
0.00994408130645752
0.0103369951248169
0.00995993614196777
0.00982606410980225
0.00973093509674072
0.0101960897445679
0.00994491577148438
0.00989198684692383
0.0100480318069458
0.0099480152130127
0.0100690126419067
0.0100599527359009
0.00983405113220215
0.010004997253418
0.00989401340484619
0.0101449489593506
0.00996696949005127
0.0103369951248169
0.00970304012298584
0.00982904434204102
0.00997292995452881
0.0100890398025513
0.0100679397583008
0.00998210906982422
0.00989794731140137
0.0100480318069458
0.00988399982452393
0.00996494293212891
0.00998103618621826
0.0100269317626953
0.0101890563964844
0.00996196269989014
0.00979399681091309
0.0100890398025513
0.009848952293396
0.0100910663604736
0.00992000102996826
0.00996994972229004
0.0100510120391846
0.00991702079772949
0.0099480152130127
0.0100820064544678
0.00995194911956787
0.010261058807373
0.00969302654266357
0.0101909637451172
0.0152950286865234
0.00485396385192871
0.00969994068145752
0.00979006290435791
0.00982093811035156
0.0103830099105835
0.00985503196716309
0.0100879669189453
0.00995898246765137
0.010019063949585
0.00986504554748535
0.010024905204773
0.0100510120391846
0.0101630687713623
0.00973391532897949
0.0102320909500122
0.00980496406555176
0.0100940465927124
0.0100219249725342
0.00992107391357422
0.00994598865509033
0.0101799964904785
0.00973701477050781
0.0100219249725342
0.0106359720230103
0.00943303108215332
0.00987899303436279
0.0101630687713623
0.0100029706954956
0.0100029706954956
0.00973606109619141
0.00997400283813477
0.0099799633026123
0.0102440118789673
0.00978493690490723
0.0100120306015015
0.00991201400756836
0.0100330114364624
0.00988197326660156
0.010045051574707
0.0103269815444946
0.00966596603393555
0.00997805595397949
0.0102149248123169
0.00979101657867432
0.0100730657577515
0.00984299182891846
0.0101540088653564
0.00974690914154053
0.0100899934768677
0.0101580619812012
0.00975596904754639
0.00990200042724609
0.010066032409668
0.0104429721832275
0.00986003875732422
0.00988495349884033
0.00982904434204102
0.00985395908355713
0.0101200342178345
0.009956955909729
0.0101619958877563
0.00983607769012451
0.00996696949005127
0.0100669860839844
0.0099860429763794
0.0098879337310791
0.0100460052490234
0.00985896587371826
0.0100980997085571
0.0100369453430176
0.010004997253418
0.00986897945404053
0.0100500583648682
0.0100129842758179
0.0100829601287842
0.00990903377532959
0.010208010673523
0.00966298580169678
0.010138988494873
0.0100640058517456
0.00998795032501221
0.00969207286834717
0.00989198684692383
0.00997602939605713
0.0100209712982178
0.0098639726638794
0.0099179744720459
0.0103009939193726
0.0101510286331177
0.00944697856903076
0.0104269981384277
0.00989103317260742
0.0101029872894287
0.00989305973052978
0.0101050138473511
0.00993895530700684
0.00995397567749023
0.0099719762802124
0.0100970268249512
0.00990200042724609
0.0102889537811279
0.00975608825683594
0.0100419521331787
0.00982797145843506
0.010019063949585
0.0100950002670288
0.0100029706954956
0.00995194911956787
0.00991404056549072
0.00995898246765137
0.0100840330123901
0.0099179744720459
0.00998806953430176
0.0099329948425293
0.00998091697692871
0.0100140571594238
0.010159969329834
0.00979101657867432
0.0101360082626343
0.00976300239562988
0.0102870464324951
0.00990593433380127
0.00986802577972412
0.0101070404052734
0.00999891757965088
0.00990402698516846
0.0100070238113403
0.00992000102996826
0.0100460052490234
0.00987792015075684
0.0102111101150513
0.00975096225738525
0.0101549625396729
0.00985801219940186
0.0100070238113403
0.00995194911956787
0.0100140571594238
0.00996696949005127
0.0100480318069458
0.00987899303436279
0.0100690126419067
0.00998902320861816
0.00992298126220703
0.0100669860839844
0.00992000102996826
0.0100349187850952
0.00995409488677978
0.01003098487854
0.00990498065948486
0.00998497009277344
0.010208010673523
0.00979804992675781
0.0100489854812622
0.00996994972229004
0.00992798805236816
0.0101929903030396
0.00990509986877441
0.0100259780883789
0.00995302200317383
0.0098949670791626
0.0100300312042236
0.0099409818649292
0.00992894172668457
0.0100500583648682
0.0100939273834229
0.00984907150268555
0.0100209712982178
0.00998294353485107
0.0100280046463013
0.0100420713424683
0.00992393493652344
0.0100650787353516
0.0100469589233398
0.00981104373931885
0.00995993614196777
0.0100209712982178
0.00998902320861816
0.010221004486084
0.00986599922180176
0.010127067565918
0.00982391834259033
0.00982201099395752
0.0101590156555176
0.00984001159667969
0.0100690126419067
0.01003098487854
0.00984406471252441
0.0100359916687012
0.0101319551467896
0.0098949670791626
0.00991606712341309
0.00995898246765137
0.0102089643478394
0.00987005233764648
0.00997495651245117
0.009909987449646
0.0106320381164551
0.0095210075378418
0.00987100601196289
0.0100100040435791
0.0100100040435791
0.010016918182373
0.00981605052947998
0.0100129842758179
0.0101120471954346
0.0100429058074951
0.0100120306015015
0.00995504856109619
0.00998592376708984
0.00987505912780762
0.0101089477539062
0.00995302200317383
0.00987696647644043
0.0101540088653564
0.00983905792236328
0.00994503498077393
0.0100939273834229
0.00995898246765137
0.010004997253418
0.0100010633468628
0.0102939605712891
0.00964999198913574
0.00998198986053467
0.00996506214141846
0.00998997688293457
0.00989103317260742
0.0101150274276733
0.0101369619369507
0.00982999801635742
0.00994300842285156
0.0100339651107788
0.0101439952850342
0.00994396209716797
0.0099250078201294
0.0100539922714233
0.00991809368133545
0.0099949836730957
0.0098419189453125
0.0101350545883179
0.00987005233764648
0.0100729465484619
0.00991594791412354
0.010019063949585
0.00991594791412354
0.0100240707397461
0.0100709199905396
0.0100409984588623
0.00988006591796875
0.0100150108337402
0.00999593734741211
0.0100370645523071
0.0100100040435791
0.00993692874908447
0.00984501838684082
0.00997805595397949
0.0103750228881836
0.00968492031097412
0.00989198684692383
0.0100700855255127
0.0099799633026123
0.0100300312042236
0.00993895530700684
0.0102260112762451
0.00967001914978027
0.0100460052490234
0.010159969329834
0.0099029541015625
0.00991404056549072
0.00996100902557373
0.0100469589233398
0.0099790096282959
0.00993502140045166
0.0100899934768677
0.00991702079772949
0.0099719762802124
0.0100109577178955
0.010235071182251
0.00977897644042969
0.010269045829773
0.00961399078369141
0.0100729465484619
0.00988304615020752
0.01003098487854
0.0101349353790283
0.00984108448028564
0.00999701023101807
0.0100609064102173
0.00993204116821289
0.0100619792938232
0.00986599922180176
0.0101339817047119
0.00978600978851318
0.0101370811462402
0.00985097885131836
0.0100569725036621
0.00986707210540772
0.0102589130401611
0.00992906093597412
0.00984501838684082
0.0100229978561401
0.0105499029159546
0.00942301750183106
0.00992107391357422
0.00976598262786865
0.0103260278701782
0.00987589359283447
0.0100520849227905
0.00985598564147949
0.0102429389953613
0.0103499889373779
0.00982010364532471
0.00994491577148438
0.00973105430603027
0.00992202758789062
0.010017991065979
0.0099329948425293
0.0101699829101562
0.00979399681091309
0.0101239681243896
0.0100950002670288
0.00990307331085205
0.0101850032806396
0.00975191593170166
0.00989806652069092
0.0101989507675171
0.00985801219940186
0.0100350379943848
0.00994992256164551
0.0100780725479126
0.00981795787811279
0.00996196269989014
0.00999701023101807
0.0101280212402344
0.00986301898956299
0.0100879669189453
0.00989902019500732
0.0100489854812622
0.00988900661468506
0.0100339651107788
0.00997304916381836
0.0100510120391846
0.0099860429763794
0.00998997688293457
0.0100389719009399
0.0099109411239624
0.0099480152130127
0.0100220441818237
0.0098869800567627
0.0100430250167847
0.00999903678894043
0.00996589660644531
0.00984501838684082
0.0103859901428223
0.0100719928741455
0.00963401794433594
0.01021409034729
0.00985193252563477
0.00988507270812988
0.0101228952407837
0.00986206531524658
0.0100629329681396
0.00987100601196289
0.0101360082626343
0.00986897945404053
0.00999307632446289
0.0101169347763062
0.00999200344085693
0.00991404056549072
0.0100710391998291
0.0106819868087769
0.00942301750183106
0.00972592830657959
0.0101610422134399
0.0100469589233398
0.00986003875732422
0.00988602638244629
0.0100159645080566
0.0099560022354126
0.0103689432144165
0.00959205627441406
0.0100589990615845
0.0099639892578125
0.0100129842758179
0.00993907451629639
0.0100419521331787
0.0099869966506958
0.00996494293212891
0.0100131034851074
0.00996589660644531
0.00997507572174072
0.0100799798965454
0.00981402397155762
0.01009202003479
0.00985193252563477
0.0100370645523071
0.0099949836730957
0.0101720094680786
0.0099560022354126
0.00994396209716797
0.0101120471954346
0.0162069797515869
0.00361299514770508
0.00990903377532959
0.0100829601287842
0.0100629329681396
0.00989103317260742
0.0100170373916626
0.009909987449646
0.010269045829773
0.00977599620819092
0.00995492935180664
0.00989806652069092
0.010017991065979
0.00995790958404541
0.0100500583648682
0.00999295711517334
0.00993406772613525
0.00993895530700684
0.0100829601287842
0.0100270509719849
0.0100890398025513
0.00993990898132324
0.00989806652069092
0.00998198986053467
0.00996005535125732
0.00998890399932861
0.0100580453872681
0.00988304615020752
0.0101048946380615
0.00984907150268555
0.0102319717407227
0.00978600978851318
0.0100090503692627
0.0100369453430176
0.01003098487854
0.00998497009277344
0.00998306274414062
0.0101380348205566
0.00984096527099609
0.0098799467086792
0.010045051574707
0.00991702079772949
0.0100299119949341
0.00992107391357422
0.0100070238113403
0.0101099014282227
0.00991702079772949
0.00994408130645752
0.00997292995452881
0.00995802879333496
0.0100539922714233
0.0100010633468628
0.0100759267807007
0.0099409818649292
0.00983703136444092
0.01015305519104
0.00996088981628418
0.00995409488677978
0.00996792316436768
0.00994503498077393
0.0100500583648682
0.00998198986053467
0.010113000869751
0.0100909471511841
0.00975096225738525
0.00997805595397949
0.0102239847183228
0.00976896286010742
0.00987899303436279
0.0100650787353516
0.00993895530700684
0.0102180242538452
0.010079026222229
0.00991201400756836
0.00979900360107422
0.00998497009277344
0.0100079774856567
0.0099409818649292
0.0101380348205566
0.0101070404052734
0.00982499122619629
0.00987792015075684
0.0102390050888062
0.0101370811462402
0.00972890853881836
0.00980401039123535
0.010200023651123
0.00989198684692383
0.00994598865509033
0.00994205474853516
0.0100449323654175
0.0101339817047119
0.00980901718139648
0.0100250244140625
0.00991404056549072
0.0100369453430176
0.00997698307037354
0.01009202003479
0.00996005535125732
0.00985598564147949
0.0124750137329102
0.00763094425201416
0.00976204872131348
0.010113000869751
0.00990903377532959
0.00988590717315674
0.0100630521774292
0.00996804237365723
0.0103929042816162
0.0099409818649292
0.00997507572174072
0.0100829601287842
0.00993001461029053
0.0101519823074341
0.00985705852508545
0.00990593433380127
0.0100470781326294
0.00995194911956787
0.00991499423980713
0.00987303256988525
0.0101709365844727
0.00997209548950195
0.0099719762802124
0.0100729465484619
0.00995802879333496
0.00992298126220703
0.00997400283813477
0.0100239515304565
0.00999307632446289
0.00981402397155762
0.0099799633026123
0.00990903377532959
0.0103309154510498
0.00956606864929199
0.0100849866867065
0.00972402095794678
0.0101039409637451
0.00992703437805176
0.00984799861907959
0.00994396209716797
0.0103540420532227
0.00977003574371338
0.010113000869751
0.00995290279388428
0.0101590156555176
0.00969505310058594
0.010113000869751
0.00985097885131836
0.0103659629821777
0.00997698307037354
0.00988101959228516
0.0101280212402344
0.00990200042724609
0.0100530385971069
0.00979995727539062
0.0101950168609619
0.0099409818649292
0.00999307632446289
0.00988996028900146
0.0101269483566284
0.00982701778411865
0.0101320743560791
0.0098649263381958
0.0104910135269165
