0.01
0.0100419521331787
0.00976204872131348
0.0100419521331787
0.0101209878921509
0.0100610256195068
0.0101209878921509
0.00983905792236328
0.0101929903030396
0.00989103317260742
0.0101019144058228
0.0102159976959229
0.0102170705795288
0.0103930234909058
0.00967693328857422
0.00994396209716797
0.00994706153869629
0.00995099544525146
0.0102850198745728
0.00979995727539062
0.00997698307037354
0.00968301296234131
0.00998198986053467
0.0106149911880493
0.00950109958648682
0.0101169347763062
0.0100120306015015
0.00991702079772949
0.0103229284286499
0.00980198383331299
0.0105160474777222
0.00931894779205322
0.00997710227966309
0.0139379501342773
0.00578200817108154
0.00979399681091309
0.0100589990615845
0.00999701023101807
0.010828971862793
0.00957906246185303
0.00999093055725098
0.00993001461029053
0.0101629495620728
0.0103141069412231
0.00956690311431885
0.00987398624420166
0.00997006893157959
0.0099489688873291
0.00998198986053467
0.0100100040435791
0.00968003273010254
0.00980198383331299
0.0101499557495117
0.00982511043548584
0.00970792770385742
0.0101670026779175
0.0103620290756226
0.00946295261383057
0.0103110074996948
0.0099179744720459
0.0193560123443604
0.00973904132843018
0.00999999046325684
0.0100259780883789
0.00987696647644043
0.00997507572174072
0.0100339651107788
0.00993800163269043
0.0099179744720459
0.010093092918396
0.00997400283813477
0.0100009441375732
0.0098799467086792
0.0100311040878296
0.0100919008255005
0.0100210905075073
0.00993192195892334
0.0101350545883179
0.00980103015899658
0.0100759267807007
0.00987803936004639
0.0101319551467896
0.0100259780883789
0.0096811056137085
0.0100868940353394
0.00999009609222412
0.0102390050888062
0.00986099243164062
0.009956955909729
0.0101230144500732
0.00985097885131836
0.0099409818649292
0.0100880861282349
0.00990688800811768
0.010045051574707
0.0099639892578125
0.0100270509719849
0.010051965713501
0.00984704494476318
0.01003098487854
0.00976097583770752
0.0102169513702393
0.010019063949585
0.00998997688293457
0.00992703437805176
0.0100569725036621
0.0100129842758179
0.0100550651550293
0.0099489688873291
0.00986897945404053
0.00988996028900146
0.0101090669631958
0.010017991065979
0.00983703136444092
0.0100189447402954
0.0101120471954346
0.00993597507476807
0.0099799633026123
0.00996303558349609
0.00994694232940674
0.0100970268249512
0.00993895530700684
0.00991809368133545
0.01009202003479
0.00984394550323486
0.0101109743118286
0.00985205173492432
0.0101959705352783
0.00968801975250244
0.0101239681243896
0.00993502140045166
0.0101380348205566
0.0137869119644165
0.0060570240020752
0.00992906093597412
0.0098809003829956
0.00988602638244629
0.010235071182251
0.010064959526062
0.010032057762146
0.0098339319229126
0.0101569890975952
0.00987696647644043
0.0101990699768066
0.00973701477050781
0.0100889205932617
0.00993502140045166
0.00998008251190186
0.00996291637420654
0.0101109743118286
0.00973606109619141
0.0101159811019897
0.00989198684692383
0.0102090835571289
0.00998198986053467
0.00982201099395752
0.00994789600372314
0.010093092918396
0.00992000102996826
0.01025390625
0.00969099998474121
0.00995206832885742
0.009895920753479
0.00990307331085205
0.00999903678894043
0.00998795032501221
0.0098719596862793
0.0104230642318726
0.00959491729736328
0.00992107391357422
0.0103609561920166
0.0100160837173462
0.00977098941802978
0.0103060007095337
0.0104349851608276
0.00942099094390869
0.00982499122619629
0.010208010673523
0.00997495651245117
0.0100469589233398
0.00995206832885742
0.00987803936004639
0.00998198986053467
0.0100629329681396
0.00999999046325684
0.0100899934768677
0.00995004177093506
0.00987899303436279
0.0100129842758179
0.0100389719009399
0.00996506214141846
0.00998497009277344
0.0100860595703125
0.00983798503875732
0.00987398624420166
0.0101579427719116
0.00994110107421875
0.00997495651245117
0.0100690126419067
0.0098339319229126
0.0100849866867065
0.0101621150970459
0.0098569393157959
0.0099339485168457
0.00989603996276856
0.0100589990615845
0.0100079774856567
0.00992703437805176
0.0100970268249512
0.0099179744720459
0.0100480318069458
0.00994300842285156
0.0101499557495117
0.00998103618621826
0.009909987449646
0.00988602638244629
0.010051965713501
0.00996303558349609
0.0100510120391846
0.0098109245300293
0.0100870132446289
0.0100879669189453
0.00994706153869629
0.00987601280212402
0.0100159645080566
0.0100409984588623
0.0100259780883789
0.010174036026001
0.009848952293396
0.00998806953430176
0.00999999046325684
0.00978899002075195
0.0151709318161011
0.00477004051208496
0.0099940299987793
0.00990402698516846
0.00997495651245117
0.0102930068969727
0.00993001461029053
0.0101000070571899
0.00988602638244629
0.00987088680267334
0.0100330114364624
0.00991308689117432
0.0101360082626343
0.00989294052124023
0.0100489854812622
0.00987207889556885
0.0101689100265503
0.0099329948425293
0.0099639892578125
0.0100370645523071
0.00985193252563477
0.0101050138473511
0.0100129842758179
0.00991201400756836
0.00990808010101318
0.0102159976959229
0.00990593433380127
0.00981998443603516
0.0100350379943848
0.0100079774856567
0.0099940299987793
0.00989401340484619
0.0100480318069458
0.00996696949005127
0.00996303558349609
0.01003098487854
0.0100460052490234
0.0100200176239014
0.00992095470428467
0.00992894172668457
0.00991904735565186
0.0099949836730957
0.00993406772613525
0.0100919008255005
0.0100460052490234
0.00990200042724609
0.0101250410079956
0.0100209712982178
0.00992703437805176
0.00984597206115723
0.0101070404052734
0.00992000102996826
0.00993800163269043
0.009956955909729
0.0100760459899902
0.0100239515304565
0.0100710391998291
0.0098719596862793
0.0099790096282959
0.00995504856109619
0.0100229978561401
0.00994992256164551
0.00998401641845703
0.010017991065979
0.00998306274414062
0.00995802879333496
0.0101479291915894
0.0103970766067505
0.00951492786407471
0.0100439786911011
0.00995206832885742
0.00995302200317383
0.0099109411239624
0.0100469589233398
0.0100160837173462
0.00995898246765137
0.0101399421691895
0.00999307632446289
0.00996696949005127
0.00981605052947998
0.00990390777587891
0.0101610422134399
0.0100640058517456
0.00985503196716309
0.00994396209716797
0.0099489688873291
0.0100530385971069
0.00994694232940674
0.0101330280303955
0.00983500480651856
0.0100580453872681
0.0100899934768677
0.0098339319229126
0.0100650787353516
0.0099560022354126
0.00985896587371826
0.0101759433746338
0.00978899002075195
0.0100950002670288
0.0101660490036011
0.00972402095794678
0.0101549625396729
0.00989103317260742
0.010064959526062
0.00974905490875244
0.0101560354232788
0.00995290279388428
0.0099639892578125
0.00999903678894043
0.00987601280212402
0.0100799798965454
0.010051965713501
0.00991010665893555
0.0100429058074951
0.00994503498077393
0.010640025138855
0.00945401191711426
0.010051965713501
0.00990402698516846
0.00992798805236816
0.010077953338623
0.00996005535125732
0.0100139379501343
0.00994408130645752
0.0100449323654175
0.00981104373931885
0.0102219581604004
0.00972497463226318
0.0101330280303955
0.00993800163269043
0.0100589990615845
0.00994503498077393
0.00999200344085693
0.0099489688873291
0.0100120306015015
0.0100610256195068
0.0100139379501343
0.00970304012298584
0.0100899934768677
0.00995802879333496
0.00994300842285156
0.0102739334106445
0.0100600719451904
0.00981700420379639
0.0099329948425293
0.00995290279388428
0.0101290941238403
0.0098499059677124
0.00995206832885742
0.0100549459457397
0.00999200344085693
0.00996005535125732
0.0101039409637451
0.00990903377532959
0.00996994972229004
0.00990808010101318
0.0100359916687012
0.00999796390533447
0.0100170373916626
0.00994992256164551
0.0101300477981567
0.0101150274276733
0.00988900661468506
0.00986802577972412
0.00997292995452881
0.00991404056549072
0.0100899934768677
0.0100560188293457
0.0098189115524292
0.00986802577972412
0.00985407829284668
0.0100929737091064
0.0100079774856567
0.00992894172668457
0.0101040601730347
0.00994002819061279
0.00993990898132324
0.0100440979003906
0.0100349187850952
0.00986504554748535
0.0099109411239624
0.0103451013565063
0.0100909471511841
0.00981903076171875
0.0100579261779785
0.00983500480651856
0.00964009761810303
0.0103919506072998
0.0102599859237671
0.00983202457427978
0.00993001461029053
0.00960302352905273
0.0103129148483276
0.0100439786911011
0.0100980997085571
0.00979900360107422
0.0100868940353394
0.0100300312042236
0.00990808010101318
0.0100709199905396
0.00999796390533447
0.0122040510177612
0.00741398334503174
0.0101580619812012
0.0101299285888672
0.00992202758789062
0.010125994682312
0.00980198383331299
0.0100630521774292
0.0100439786911011
0.00982701778411865
0.0101879835128784
0.0099940299987793
0.00988197326660156
0.00989401340484619
0.0101239681243896
0.0100419521331787
0.00988399982452393
0.0100051164627075
0.00998198986053467
0.0109249353408813
0.0122450590133667
0.00669300556182861
0.00983500480651856
0.0100609064102173
0.0101439952850342
0.0100440979003906
0.0100749731063843
0.0102089643478394
0.00966906547546387
0.00992798805236816
0.00989294052124023
0.0100430250167847
0.0101159811019897
0.00990104675292969
0.00998091697692871
0.009971022605896
0.00998902320861816
0.00999295711517334
0.00993001461029053
0.0101109743118286
0.00994408130645752
0.0100389719009399
0.0105329751968384
0.00945007801055908
0.00975894927978516
0.0100020170211792
0.0099189281463623
0.0103480815887451
0.00979399681091309
0.0100709199905396
0.00993108749389648
0.0100829601287842
0.00994205474853516
0.0100640058517456
0.00999796390533447
0.00994598865509033
0.00984501838684082
0.0101159811019897
0.0100120306015015
0.00994491577148438
0.010017991065979
0.00986111164093018
0.00996589660644531
0.0101341009140015
0.00981593132019043
0.0100370645523071
0.0102019309997559
0.00969898700714111
0.0100719928741455
0.00993800163269043
0.00983905792236328
0.0102189779281616
0.00967800617218018
0.0100040435791016
0.0102039575576782
0.0099409818649292
0.0101679563522339
0.00990700721740723
0.0101460218429565
0.00991404056549072
0.00987493991851807
0.00997304916381836
0.0101339817047119
0.00988996028900146
0.00999701023101807
0.0100460052490234
0.0100030899047852
0.0105479955673218
0.00932097434997559
0.0100899934768677
0.00984704494476318
0.00999891757965088
0.0101070404052734
0.00978398323059082
0.0100860595703125
0.00995790958404541
0.00999605655670166
0.010111927986145
0.00983500480651856
0.00998508930206299
0.0103869438171387
0.00971996784210205
0.00972902774810791
0.00997006893157959
0.0101749897003174
0.0100499391555786
0.00989902019500732
0.0100499391555786
0.00994706153869629
0.00990402698516846
0.00998497009277344
0.0101770162582397
0.00980794429779053
0.0101090669631958
0.0100070238113403
0.00993096828460693
0.0100280046463013
0.010004997253418
0.0102269649505615
0.00966405868530273
0.00996792316436768
0.0101929903030396
0.00979399681091309
0.0101100206375122
0.00995504856109619
0.00989794731140137
0.0100120306015015
0.010208010673523
0.00965404510498047
0.0101879835128784
0.00992298126220703
0.0099409818649292
0.0102200508117676
0.00990200042724609
0.00985288619995117
0.0099860429763794
0.00997006893157959
0.00995898246765137
0.00993096828460693
0.0101490020751953
0.00993597507476807
0.00996100902557373
0.0100699663162231
0.00996100902557373
0.00997006893157959
0.0099339485168457
0.0100749731063843
0.00992310047149658
0.00998294353485107
0.0102050304412842
0.00974893569946289
0.00999999046325684
0.0100150108337402
0.0100220441818237
0.00991404056549072
0.0100139379501343
0.00992298126220703
0.010032057762146
0.0099719762802124
0.0101460218429565
0.00998294353485107
0.00983405113220215
0.00998997688293457
0.0101339817047119
0.00989103317260742
0.0100339651107788
0.0100550651550293
0.00995099544525146
0.010051965713501
0.00970304012298584
0.0102689266204834
0.00985205173492432
0.0100319385528564
0.00993704795837402
0.00990796089172363
0.0102770328521729
0.00982701778411865
0.0099799633026123
0.00998401641845703
0.00986504554748535
0.0100699663162231
0.00995492935180664
0.0100710391998291
0.0100680589675903
0.00993895530700684
0.00987696647644043
0.00988304615020752
0.0101510286331177
0.00988996028900146
0.0099480152130127
0.0100359916687012
0.0100339651107788
0.00975906848907471
0.010145902633667
0.0100740194320679
0.0103100538253784
0.00970995426177978
0.00988006591796875
0.00999796390533447
0.0100150108337402
0.0118759870529175
0.00799703598022461
0.0098879337310791
0.00993502140045166
0.010316014289856
0.0098719596862793
0.0100140571594238
0.00992703437805176
0.0099259614944458
0.0098949670791626
0.00996899604797363
0.0101140737533569
0.00991392135620117
0.00990104675292969
0.0100599527359009
0.0100250244140625
0.0101510286331177
0.00977396965026856
0.00997495651245117
0.00974106788635254
0.0102009773254395
0.0102779865264893
0.00981903076171875
0.00980401039123535
0.00997793674468994
0.0104080438613892
0.00982093811035156
0.00997507572174072
0.00993502140045166
0.00997698307037354
0.010125994682312
0.00984501838684082
0.00999891757965088
0.0100810527801514
0.00993204116821289
0.0100729465484619
0.00988101959228516
0.0100170373916626
0.0099489688873291
0.010017991065979
0.0101920366287231
0.00994694232940674
0.0099029541015625
0.00996208190917969
0.00987100601196289
0.0101189613342285
0.00996506214141846
0.00993895530700684
0.00997793674468994
0.0100260972976685
0.01003098487854
0.00987100601196289
0.010064959526062
0.00990903377532959
0.00997495651245117
0.0102310180664062
0.00983595848083496
0.00994503498077393
0.00999295711517334
0.0100510120391846
0.0106370449066162
0.00928497314453125
0.010140061378479
0.00978600978851318
0.0100349187850952
0.0100470781326294
0.0100109577178955
0.010159969329834
0.00976705551147461
0.0100979804992676
0.00989294052124023
0.00995707511901856
0.00996792316436768
0.0100440979003906
0.00989699363708496
0.0099949836730957
0.0100560188293457
0.0099799633026123
0.00993800163269043
0.00998902320861816
0.0099560022354126
0.0099869966506958
0.0101089477539062
0.00994396209716797
0.00999701023101807
0.00992906093597412
0.0100079774856567
0.00997602939605713
0.00998592376708984
0.00998210906982422
0.0101149082183838
0.00989603996276856
0.0100339651107788
0.0100010633468628
0.00986695289611816
0.0099790096282959
0.0100359916687012
0.0099949836730957
0.00999999046325684
0.00997304916381836
0.0125709772109985
0.0073859691619873
0.00984501838684082
0.00994408130645752
0.0102308988571167
0.00993204116821289
0.00997304916381836
0.00997292995452881
0.0100350379943848
0.0100640058517456
0.00988101959228516
0.0102599859237671
0.00970494747161865
0.0100120306015015
0.0100409984588623
0.00988805294036865
0.0101399421691895
0.00985705852508545
0.0100629329681396
0.00996696949005127
0.0100229978561401
0.0100200176239014
0.00986301898956299
0.00999999046325684
0.0100029706954956
0.00991201400756836
0.0099940299987793
0.00995302200317383
0.0100319385528564
0.0100070238113403
0.00997507572174072
0.00996994972229004
0.00996196269989014
0.0100840330123901
0.00997400283813477
0.00996994972229004
0.00996804237365723
0.0100549459457397
0.00984001159667969
0.0100970268249512
0.00995504856109619
0.00998795032501221
0.00996100902557373
0.0100589990615845
0.00997006893157959
0.00995290279388428
0.00996303558349609
0.0099799633026123
0.0099639892578125
0.0102190971374512
0.0100259780883789
0.00972294807434082
0.010019063949585
0.0100879669189453
0.00989103317260742
0.0099259614944458
0.0100710391998291
0.0101319551467896
0.01003098487854
0.00971996784210205
0.0100721120834351
0.00996994972229004
0.0102130174636841
0.00979995727539062
0.0100970268249512
0.00984299182891846
0.00993204116821289
0.0100870132446289
0.010003924369812
0.0099489688873291
0.0101910829544067
0.00982999801635742
0.0098639726638794
0.00999796390533447
0.010019063949585
0.00993800163269043
0.0100200176239014
0.0100059509277344
0.00994598865509033
0.0101070404052734
0.010077953338623
0.00997602939605713
0.00981903076171875
0.00998401641845703
0.0101629495620728
0.00989294052124023
0.00994908809661865
0.00998091697692871
0.00991702079772949
0.0102280378341675
0.00977396965026856
0.010004997253418
0.00994396209716797
0.0101280212402344
0.0100390911102295
0.00980889797210693
0.00997304916381836
0.0100419521331787
0.00993704795837402
0.0101569890975952
0.012686014175415
0.00707805156707764
0.00999200344085693
0.0099189281463623
0.0101430416107178
0.0100499391555786
0.00998997688293457
0.00989007949829102
0.0100319385528564
0.0100650787353516
0.00991392135620117
0.0100950002670288
0.00992608070373535
0.0100369453430176
0.0100350379943848
0.00973999500274658
0.0101460218429565
0.00992393493652344
0.0099179744720459
0.0101701021194458
0.00976598262786865
0.0102369785308838
0.00981700420379639
0.00996100902557373
0.0100339651107788
0.00995099544525146
0.0100699663162231
0.00991606712341309
0.00978398323059082
0.0101799964904785
0.00990104675292969
0.0102469921112061
0.00977301597595215
0.0107989311218262
0.0091090202331543
0.010085940361023
0.00999701023101807
0.00995206832885742
0.00988602638244629
0.0100818872451782
0.00996601581573486
0.0101910829544067
0.00984394550323486
0.00993800163269043
0.0100640058517456
0.0100010633468628
0.00985288619995117
0.010093092918396
0.00983595848083496
0.0100389719009399
0.0100439786911011
0.0100500583648682
0.00995397567749023
0.00997507572174072
0.00990498065948486
0.0100950002670288
0.00989794731140137
0.010079026222229
0.00976502895355225
0.0102030038833618
0.00985491275787354
0.010079026222229
0.0101860761642456
0.00997495651245117
0.00979602336883545
0.0100289583206177
0.00993001461029053
0.0101439952850342
0.00990104675292969
0.010051965713501
0.00981795787811279
0.0100550651550293
0.00996994972229004
0.0100619792938232
0.00980699062347412
0.0101220607757568
0.00984799861907959
0.0101609230041504
0.00990509986877441
0.0099719762802124
0.0099029541015625
0.0101339817047119
0.0100160837173462
0.00984799861907959
0.0099790096282959
0.0102349519729614
0.00976705551147461
0.0100959539413452
0.00993597507476807
0.00999605655670166
0.0098419189453125
0.0102130174636841
0.00988197326660156
0.0100120306015015
0.00985896587371826
0.010200023651123
0.00992405414581299
0.0100209712982178
0.00996601581573486
0.0100439786911011
0.0147700309753418
0.00504398345947266
0.0100879669189453
0.00981497764587402
0.0101300477981567
0.010045051574707
0.0100429058074951
0.00987601280212402
0.00989603996276856
0.0100740194320679
0.0100020170211792
0.0099259614944458
0.0101560354232788
0.00989401340484619
0.0100629329681396
0.00991106033325195
0.0101169347763062
0.0099480152130127
0.0099790096282959
0.0101840496063232
0.00986599922180176
0.00990688800811768
0.0100990533828735
0.0100070238113403
0.0098949670791626
0.00983905792236328
0.010145902633667
0.010106086730957
0.00985300540924072
0.00996494293212891
0.00993907451629639
0.0099489688873291
0.00990700721740723
0.0101050138473511
0.0099719762802124
0.00994992256164551
0.0100480318069458
0.00991404056549072
0.0100950002670288
0.00989699363708496
0.0100330114364624
0.00998401641845703
0.0100839138031006
0.00981402397155762
0.00998997688293457
0.00997710227966309
0.0100009441375732
0.00994694232940674
0.0100290775299072
0.00996303558349609
0.0101228952407837
0.00983607769012451
0.0100339651107788
0.0100159645080566
0.00998008251190186
0.010016918182373
0.0101180076599121
0.00976097583770752
0.0100810527801514
0.0099480152130127
0.0101670026779175
0.00983500480651856
0.0100840330123901
0.00981998443603516
0.00996100902557373
0.00995397567749023
0.0102789402008057
0.00990498065948486
0.00981009006500244
0.0101369619369507
0.00992906093597412
0.00995790958404541
0.00995004177093506
0.0099949836730957
0.0100259780883789
0.00995004177093506
0.00998497009277344
0.0100560188293457
0.00990903377532959
0.0101859569549561
0.0099029541015625
0.00992608070373535
0.00995898246765137
0.0100870132446289
0.0100189447402954
0.00977301597595215
0.0101339817047119
0.0099860429763794
0.00988495349884033
0.0100690126419067
0.00993406772613525
0.00999999046325684
0.00993692874908447
0.00997209548950195
0.0099560022354126
0.00997698307037354
0.0100189447402954
0.0101419687271118
0.00986099243164062
0.00992405414581299
0.0101310014724731
0.00993704795837402
0.0100328922271729
0.00978708267211914
0.0101009607315063
0.0100820064544678
0.0100239515304565
0.00995302200317383
0.00990498065948486
0.0100680589675903
0.00987696647644043
0.00999104976654053
0.010111927986145
0.00991308689117432
0.0100389719009399
0.00984001159667969
0.0101200342178345
0.00996792316436768
0.00996696949005127
0.00995910167694092
0.00999391078948975
0.0100840330123901
0.0100409984588623
0.00989699363708496
0.0099489688873291
0.0100500583648682
0.0100439786911011
0.00988996028900146
0.0100570917129517
0.00987100601196289
0.00999891757965088
0.0099409818649292
0.0101110935211182
0.00993990898132324
0.0099560022354126
0.010045051574707
0.0099489688873291
0.00992107391357422
0.0100839138031006
0.00994408130645752
0.0099419355392456
0.0100580453872681
0.00995397567749023
0.0101490020751953
0.00985503196716309
0.00996291637420654
0.00996804237365723
0.00998902320861816
0.0102620124816895
0.00967299938201904
0.0100300312042236
0.0101379156112671
0.00976002216339111
0.010125994682312
0.00997304916381836
0.00986599922180176
0.0102119445800781
0.00977301597595215
0.0101200342178345
0.00991296768188477
0.00996303558349609
0.0100020170211792
0.00998091697692871
0.00999605655670166
0.010113000869751
0.00985395908355713
0.00998902320861816
0.0100539922714233
0.0100009441375732
0.00997602939605713
0.00990104675292969
0.0100820064544678
0.00992095470428467
0.0100769996643066
0.00988805294036865
0.00999999046325684
0.0100589990615845
0.00988101959228516
0.0100269317626953
0.009971022605896
0.00996696949005127
0.0100340843200684
0.00988399982452393
0.010037899017334
0.0100200176239014
0.0099790096282959
0.0101289749145508
0.00979506969451904
0.0100439786911011
0.00995802879333496
0.0100189447402954
0.0100250244140625
0.0099339485168457
0.0100899934768677
0.00984311103820801
0.0101499557495117
0.00985193252563477
0.00998306274414062
0.0101180076599121
0.00983893871307373
0.00996303558349609
0.0100870132446289
0.00991499423980713
0.00988101959228516
0.00986897945404053
0.0101449489593506
0.0100860595703125
0.00995802879333496
0.0101789236068726
0.00985109806060791
0.00997292995452881
0.00990307331085205
0.0100539922714233
0.0102049112319946
0.00984203815460205
0.0099799633026123
0.00993204116821289
0.0100810527801514
0.00996899604797363
0.00989389419555664
0.010080099105835
0.00996589660644531
0.0100710391998291
0.00983202457427978
0.00998198986053467
0.00994205474853516
0.0100159645080566
0.010079026222229
0.00988996028900146
0.0100109577178955
0.0099790096282959
0.0100439786911011
0.00998508930206299
0.00988197326660156
0.0101360082626343
0.0098879337310791
0.0102430582046509
0.00979399681091309
0.0100369453430176
0.00995004177093506
0.00989401340484619
0.01009202003479
0.0099480152130127
0.0100079774856567
0.0098639726638794
0.00999701023101807
0.010032057762146
0.00996088981628418
0.0100480318069458
0.00998902320861816
0.00990903377532959
0.0100690126419067
0.00997292995452881
0.0102230310440063
0.00978696346282959
0.00999605655670166
0.00998198986053467
0.0099639892578125
0.010098934173584
0.00991308689117432
0.00994300842285156
0.00996899604797363
0.0101159811019897
0.00981700420379639
0.010004997253418
0.00995898246765137
0.0100140571594238
0.0101369619369507
0.0099560022354126
0.0100769996643066
0.00976395606994629
0.00996601581573486
0.0100719928741455
0.0099560022354126
0.0100010633468628
0.00996994972229004
0.0102850198745728
0.00972497463226318
0.00993800163269043
0.0101809501647949
0.00977802276611328
0.010140061378479
0.00982797145843506
0.0102289915084839
0.00984501838684082
0.00979304313659668
0.0102089643478394
0.0099949836730957
0.00996696949005127
0.00996005535125732
0.0100150108337402
0.00985896587371826
0.0100909471511841
0.0100240707397461
0.00998198986053467
0.00995194911956787
0.00994908809661865
0.00990891456604004
0.0102980136871338
0.00987303256988525
0.00983297824859619
0.0115679502487183
0.00849699974060059
0.00986206531524658
0.00971496105194092
0.0103150606155396
0.0100879669189453
0.0099259614944458
0.00993800163269043
0.0100440979003906
0.0099329948425293
0.0100189447402954
0.00993895530700684
0.0100140571594238
0.010125994682312
0.00980997085571289
0.00998902320861816
0.0101020336151123
0.00989401340484619
0.00991392135620117
0.0100669860839844
0.0100810527801514
0.0100810527801514
0.0099189281463623
0.00979101657867432
0.0100250244140625
0.0100070238113403
0.00993192195892334
0.010017991065979
0.0100170373916626
0.0100129842758179
0.010019063949585
0.00984799861907959
0.01003098487854
0.0100089311599731
0.00994408130645752
0.0101449489593506
0.010004997253418
0.00992202758789062
0.0099489688873291
0.0100730657577515
0.00994992256164551
0.00990307331085205
0.0100449323654175
0.0099560022354126
0.0100469589233398
0.00989007949829102
0.009971022605896
0.0100579261779785
0.00995004177093506
0.0100580453872681
0.0101639032363892
0.00983905792236328
0.0099560022354126
0.00998103618621826
0.0098949670791626
0.0102629661560059
0.00972306728363037
0.0101228952407837
0.00992798805236816
0.0100350379943848
0.00997507572174072
0.00989198684692383
0.0100280046463013
0.00997793674468994
0.00995397567749023
0.0106410980224609
0.009429931640625
0.0100109577178955
0.00988805294036865
0.0100359916687012
0.00993502140045166
0.0100449323654175
0.00990605354309082
0.0100140571594238
0.0100809335708618
0.00994300842285156
0.00989794731140137
0.00990605354309082
0.0100970268249512
0.0100359916687012
0.00993597507476807
0.0100489854812622
0.0099790096282959
0.00997698307037354
0.00987505912780762
0.0100629329681396
0.00992107391357422
0.0103659629821777
0.00964999198913574
0.0101230144500732
0.009971022605896
0.00990796089172363
0.00999295711517334
0.010004997253418
0.0100550651550293
0.00986194610595703
0.00991499423980713
0.0100730657577515
0.00990796089172363
0.00999903678894043
0.011620044708252
0.0086979866027832
0.00958192348480225
0.00979399681091309
0.0103230476379395
0.0100070238113403
0.0102379322052002
0.0095289945602417
0.0101020336151123
0.0100229978561401
0.0100599527359009
0.0102651119232178
0.00942897796630859
0.0100020170211792
0.00996088981628418
0.0103620290756226
0.00956606864929199
0.010085940361023
0.0104190111160278
0.0093909502029419
0.0102370977401733
0.0102659463882446
0.00959599018096924
0.00997304916381836
0.0102329254150391
0.00998306274414062
0.00995898246765137
0.0100029706954956
0.00991404056549072
0.010138988494873
0.00987100601196289
0.0101419687271118
0.010066032409668
0.00979995727539062
0.010019063949585
0.00994002819061279
0.00994694232940674
0.010138988494873
0.00989401340484619
0.0100589990615845
0.00994503498077393
0.00995194911956787
0.0100460052490234
0.00997495651245117
0.00992608070373535
0.0099799633026123
0.0099940299987793
0.00994002819061279
0.00987899303436279
0.010316014289856
0.00986194610595703
0.0100289583206177
0.0100040435791016
0.0099719762802124
0.009909987449646
0.00999903678894043
0.00980997085571289
0.0101699829101562
0.00989007949829102
0.00997400283813477
0.00995194911956787
0.00998806953430176
0.010301947593689
0.0100140571594238
0.00977897644042969
0.0098869800567627
0.0101670026779175
0.00985598564147949
0.0100380182266235
0.0100229978561401
0.010233998298645
0.00969696044921875
0.00986802577972412
0.0100970268249512
0.00989902019500732
0.010138988494873
0.00981497764587402
0.0102889537811279
0.00974202156066894
0.010004997253418
0.00999903678894043
0.010085940361023
0.00984799861907959
0.0100650787353516
0.0100139379501343
0.00993502140045166
0.00991702079772949
0.0102969408035278
0.00971603393554688
0.00997304916381836
0.0099869966506958
0.0099719762802124
0.0100499391555786
0.00989007949829102
0.0100439786911011
0.00999903678894043
0.00993990898132324
0.0100610256195068
0.00989806652069092
0.0100739002227783
0.011667013168335
0.00832605361938477
0.00982391834259033
0.0100430250167847
0.0100259780883789
0.0100440979003906
0.010037899017334
0.00996804237365723
0.00994300842285156
0.0099860429763794
0.00998795032501221
0.0100330114364624
0.0099339485168457
0.010004997253418
0.0100040435791016
0.0100109577178955
0.0099869966506958
0.00988209247589111
0.00998294353485107
0.010051965713501
0.00996303558349609
0.0100970268249512
0.00995194911956787
0.00995409488677978
0.0098719596862793
0.0102479457855225
0.00981903076171875
0.010051965713501
0.0099250078201294
0.0100080966949463
0.00998997688293457
0.0100969076156616
0.00989603996276856
0.00984704494476318
0.0100139379501343
0.0100560188293457
0.00991296768188477
0.00999999046325684
0.0100231170654297
0.00996196269989014
0.0100280046463013
0.0100079774856567
0.0098799467086792
0.00996804237365723
0.0100330114364624
0.010113000869751
0.00982403755187988
0.0100150108337402
0.0099109411239624
0.0100510120391846
0.010066032409668
0.00997793674468994
0.0099790096282959
0.00995802879333496
0.0100499391555786
0.0100530385971069
0.00996899604797363
0.0100159645080566
0.00981402397155762
0.01003098487854
0.0100350379943848
0.00994694232940674
0.009971022605896
0.0100769996643066
0.00996506214141846
0.00997602939605713
0.0100339651107788
0.0099189281463623
0.00990700721740723
0.0100460052490234
0.0100719928741455
0.00988709926605225
0.0099409818649292
0.0100690126419067
0.0099639892578125
0.00988996028900146
0.0102800130844116
0.00992703437805176
0.00978600978851318
0.010077953338623
0.00987493991851807
0.0100260972976685
0.0099339485168457
0.010017991065979
0.0100929737091064
0.00990402698516846
0.010019063949585
0.0100150108337402
0.0101419687271118
0.00988399982452393
0.00985896587371826
0.0100010633468628
0.0101948976516724
0.00987100601196289
0.00986206531524658
0.0101299285888672
0.00990200042724609
0.0100560188293457
0.00987005233764648
0.010066032409668
0.0137259960174561
0.00618588924407959
0.01009202003479
0.00982105731964111
0.00982499122619629
0.010221004486084
0.0100139379501343
0.0101730823516846
0.00984799861907959
0.0101159811019897
0.00981795787811279
0.00992405414581299
0.0100200176239014
0.0100439786911011
0.00993001461029053
0.0100909471511841
0.010064959526062
0.00982403755187988
0.00994205474853516
0.0100560188293457
0.00995588302612305
0.0101380348205566
0.00981104373931885
0.0101789236068726
0.00987410545349121
0.00998592376708984
0.0100090503692627
0.00989902019500732
0.0101379156112671
0.00999903678894043
0.0100020170211792
0.00985896587371826
0.0100460052490234
0.00988197326660156
0.0101090669631958
0.00988602638244629
0.0100669860839844
0.0102529525756836
0.00972402095794678
0.0100159645080566
0.00989997386932373
0.0101410150527954
0.0100560188293457
0.00974905490875244
0.010159969329834
0.00984001159667969
0.00997698307037354
0.0100389719009399
0.00988197326660156
0.0100460052490234
0.010080099105835
0.0098729133605957
0.00995206832885742
0.0099790096282959
0.0100829601287842
0.00994598865509033
0.00992703437805176
0.0100139379501343
0.010138988494873
0.00996005535125732
0.00980997085571289
0.0101180076599121
0.00993204116821289
0.0100549459457397
0.00987601280212402
0.00995004177093506
0.0101989507675171
0.00996601581573486
0.0099949836730957
0.00996899604797363
0.00983607769012451
0.010017991065979
0.0099869966506958
0.00997698307037354
0.00988399982452393
0.0100740194320679
0.0100939273834229
0.0100680589675903
0.00972592830657959
0.0100820064544678
0.00984108448028564
0.0101310014724731
0.00989699363708496
0.0100589990615845
0.00993490219116211
0.0100980997085571
0.00996196269989014
0.0101020336151123
0.00993800163269043
0.00993490219116211
0.00987207889556885
0.0101419687271118
0.00986695289611816
0.0100700855255127
0.00984692573547363
0.0101370811462402
0.00988996028900146
0.0100259780883789
0.00982999801635742
0.0101540088653564
0.0147280693054199
0.00524091720581055
0.00988900661468506
0.00993907451629639
0.0101699829101562
0.0100150108337402
0.00985598564147949
0.0100899934768677
0.00996100902557373
0.0100799798965454
0.00978398323059082
0.0101829767227173
0.00983905792236328
0.010085940361023
0.00989198684692383
0.00986409187316894
0.0100669860839844
0.0100809335708618
0.00981497764587402
0.0102550983428955
0.0098189115524292
0.0101600885391235
0.00984799861907959
0.00993490219116211
0.0099940299987793
0.0101029872894287
0.00991308689117432
0.0100239515304565
0.00987100601196289
0.0100899934768677
0.00986504554748535
0.010206937789917
0.00981998443603516
0.0100480318069458
0.00987601280212402
0.010066032409668
0.00999701023101807
0.0100229978561401
0.00981593132019043
0.0101699829101562
0.00986206531524658
0.0101199150085449
0.00992405414581299
0.010004997253418
0.00997602939605713
0.00999796390533447
0.0100849866867065
0.0101209878921509
0.00978505611419678
0.0100879669189453
0.009971022605896
0.0099560022354126
0.0100339651107788
0.00988304615020752
0.010159969329834
0.00973498821258545
0.0100899934768677
0.00999104976654053
0.00994598865509033
0.0100820064544678
0.010004997253418
0.00996696949005127
0.00994205474853516
0.00994598865509033
0.0100499391555786
0.00998508930206299
0.010146975517273
0.00976395606994629
0.0100409984588623
0.00994205474853516
0.0100558996200562
0.00996303558349609
0.0100110769271851
0.00987899303436279
0.0101369619369507
0.0099339485168457
0.0101619958877563
0.00986099243164062
0.00995910167694092
0.00997400283813477
0.00997698307037354
0.0099259614944458
0.010064959526062
0.00990307331085205
0.0103219747543335
0.0096440315246582
0.0101369619369507
0.0100330114364624
0.0100330114364624
0.00996601581573486
0.00995790958404541
0.00995302200317383
0.00998008251190186
0.010051965713501
