0.01
0.00935900211334228
0.0098879337310791
0.0100470781326294
0.0101139545440674
0.00991499423980713
0.00992906093597412
0.0101319551467896
0.00999104976654053
0.010003924369812
0.00998508930206299
0.0100219249725342
0.0103050470352173
0.00981903076171875
0.0101239681243896
0.00991296768188477
0.00995302200317383
0.0101519823074341
0.00976896286010742
0.0104000568389893
0.0204139947891235
0.0208979845046997
0.00872194766998291
0.00995099544525146
0.00993406772613525
0.0102039575576782
0.010045051574707
0.0100549459457397
0.00960803031921387
0.0100680589675903
0.00999093055725098
0.0127379894256592
0.00871002674102783
0.00914502143859863
0.00917494297027588
0.00981104373931885
0.0100610256195068
0.0101879835128784
0.0100719928741455
0.0099109411239624
0.0099560022354126
0.00980007648468018
0.0101280212402344
0.0098649263381958
0.0099940299987793
0.00997495651245117
0.010362982749939
0.00985610485076904
0.00992488861083984
0.0102150440216064
0.0100370645523071
0.00999593734741211
0.00968897342681885
0.0101190805435181
0.0098719596862793
0.0102169513702393
0.0099949836730957
0.0100491046905518
0.0106840133666992
0.00927388668060303
0.010079026222229
0.00988602638244629
0.010254979133606
0.00980997085571289
0.00991404056549072
0.0103110074996948
0.00967395305633545
0.00992608070373535
0.0101109743118286
0.010004997253418
0.0103269815444946
0.00973403453826904
0.00979399681091309
0.00970304012298584
0.00989091396331787
0.00987207889556885
0.0105249881744385
0.0100070238113403
0.00993990898132324
0.0100610256195068
0.00995099544525146
0.00999701023101807
0.0100270509719849
0.00986993312835693
0.010138988494873
0.00982403755187988
0.00989401340484619
0.00985193252563477
0.010329008102417
0.00994002819061279
0.00975894927978516
0.0102490186691284
0.00989007949829102
0.0100349187850952
0.00995504856109619
0.0104269981384277
0.00971901416778564
0.00985896587371826
0.00999903678894043
0.0100219249725342
0.00994300842285156
0.00969409942626953
0.0101099014282227
0.0100330114364624
0.00985300540924072
0.0137380361557007
0.0060579776763916
0.00999999046325684
0.0100259780883789
0.0103790760040283
0.00974702835083008
0.0101969242095947
0.00991702079772949
0.010051965713501
0.010017991065979
0.0101220607757568
0.00987100601196289
0.0099799633026123
0.00978398323059082
0.0101100206375122
0.0100580453872681
0.00992798805236816
0.0099560022354126
0.00980496406555176
0.0103349685668945
0.00976908206939697
0.0100369453430176
0.0122090578079224
0.00774097442626953
0.00984394550323486
0.0099869966506958
0.00992202758789062
0.0101330280303955
0.0102829933166504
0.00989997386932373
0.00979900360107422
0.0101079940795898
0.00996303558349609
0.00998592376708984
0.0100630521774292
0.0100100040435791
0.00990903377532959
0.0100229978561401
0.0098799467086792
0.0101300477981567
0.0100579261779785
0.010004997253418
0.00992310047149658
0.0098869800567627
0.0100889205932617
0.00988709926605225
0.0101239681243896
0.00987303256988525
0.00999796390533447
0.0100669860839844
0.00996303558349609
0.0100560188293457
0.00968992710113525
0.010146975517273
0.0100300312042236
0.00996696949005127
0.00976705551147461
0.0102119445800781
0.00996708869934082
0.00975990295410156
0.00973808765411377
0.0100839138031006
0.00980603694915772
0.00997006893157959
0.0118379592895508
0.00843894481658936
0.00988805294036865
0.00982499122619629
0.0100809335708618
0.00992310047149658
0.0101000070571899
0.0100729465484619
0.00983500480651856
0.0101339817047119
0.0103009939193726
0.0100330114364624
0.00981307029724121
0.0101079940795898
0.00997793674468994
0.0163440704345703
0.011699914932251
0.0018770694732666
0.0095980167388916
0.0102618932723999
0.00987207889556885
0.0099489688873291
0.00982403755187988
0.0100489854812622
0.009895920753479
0.0101240873336792
0.00995302200317383
0.00982797145843506
0.010051965713501
0.00997006893157959
0.0100688934326172
0.00982904434204102
0.0104019641876221
0.009909987449646
0.00994706153869629
0.0100319385528564
0.0100650787353516
0.0101519823074341
0.0100350379943848
0.00999200344085693
0.0102239847183228
0.00973391532897949
0.00999903678894043
0.00982201099395752
0.0098949670791626
0.00997602939605713
0.00993204116821289
0.00999093055725098
0.00996804237365723
0.0103390216827393
0.00990498065948486
0.00995993614196777
0.0101521015167236
0.0098189115524292
0.0100240707397461
0.0101360082626343
0.00986897945404053
0.0099639892578125
0.0145189762115479
0.00570297241210938
0.00949609279632568
0.0098809003829956
0.0101090669631958
0.0102800130844116
0.0101629495620728
0.00944805145263672
0.0103349685668945
0.0098639726638794
0.00983405113220215
0.00972998142242432
0.010409951210022
0.00994706153869629
0.00995898246765137
0.00997495651245117
0.00993001461029053
0.0100029706954956
0.0100640058517456
0.00992703437805176
0.00999200344085693
0.010017991065979
0.00984299182891846
0.010017991065979
0.00969803333282471
0.0100229978561401
0.00996100902557373
0.0100630521774292
0.0101379156112671
0.0100569725036621
0.0101830959320068
0.0100280046463013
0.0103110074996948
0.00978195667266846
0.00993502140045166
0.00994491577148438
0.0101820230484009
0.00994408130645752
0.00990092754364014
0.00976908206939697
0.00976300239562988
0.0100809335708618
0.00977504253387451
0.0102009773254395
0.00992202758789062
0.0103579759597778
0.00966596603393555
0.0102220773696899
0.00978195667266846
0.0100970268249512
0.00986289978027344
0.0101391077041626
0.0101239681243896
0.00998497009277344
0.00987100601196289
0.0100710391998291
0.00987696647644043
0.00996899604797363
0.00981795787811279
0.00979399681091309
0.00995206832885742
0.00997400283813477
0.00988900661468506
0.010200023651123
0.00981795787811279
0.0101859569549561
0.0099860429763794
0.0100239515304565
0.00989902019500732
0.00991296768188477
0.0100899934768677
0.010390043258667
0.00963306427001953
0.0161299705505371
0.0042499303817749
0.0100110769271851
0.00985097885131836
0.0100870132446289
0.00991702079772949
0.0100799798965454
0.00996792316436768
0.0099250078201294
0.00958609580993652
0.0105199813842773
0.00990700721740723
0.00969898700714111
0.00989294052124023
0.010329008102417
0.00961697101593018
0.0100830793380737
0.0102709531784058
0.0100760459899902
0.00988197326660156
0.0100970268249512
0.00983095169067383
0.0101289749145508
0.0100040435791016
0.0100250244140625
0.0100009441375732
0.0100110769271851
0.0132319927215576
0.00638794898986816
0.00996100902557373
0.0100669860839844
0.0099869966506958
0.0102450847625732
0.00992989540100098
0.010106086730957
0.00994992256164551
0.00987005233764648
0.0101369619369507
0.00979900360107422
0.0100830793380737
0.0100638866424561
0.00995206832885742
0.01003098487854
0.00990700721740723
0.0099719762802124
0.00995802879333496
0.00994598865509033
0.0101749897003174
0.00961005687713623
0.0101559162139893
0.0100250244140625
0.00994002819061279
0.0100950002670288
0.0100489854812622
0.00980401039123535
0.0100100040435791
0.0101089477539062
0.0100539922714233
0.00999903678894043
0.0107229948043823
0.00914204120635986
0.00989294052124023
0.0100780725479126
0.0100719928741455
0.0100150108337402
0.01003098487854
0.00980103015899658
0.0100818872451782
0.0099329948425293
0.0100250244140625
0.0100200176239014
0.0100719928741455
0.00998497009277344
0.00984203815460205
0.0100849866867065
0.00990700721740723
0.0099250078201294
0.0101330280303955
0.00990593433380127
0.00996208190917969
0.00995898246765137
0.0100129842758179
0.01009202003479
0.0100209712982178
0.00989902019500732
0.0099480152130127
0.00985801219940186
0.00988900661468506
0.0102249383926392
0.0100120306015015
0.00972998142242432
0.0101979970932007
0.010019063949585
0.00969290733337402
0.0100420713424683
0.00996291637420654
0.0101370811462402
0.0100250244140625
0.0100359916687012
0.00996494293212891
0.00992202758789062
0.0100189447402954
0.00995302200317383
0.010079026222229
0.00988101959228516
0.01003098487854
0.0100499391555786
0.00998103618621826
0.010079026222229
0.0099639892578125
0.00977897644042969
0.0101680755615234
0.009848952293396
0.0100809335708618
0.0099560022354126
0.00995802879333496
0.0101140737533569
0.00994694232940674
0.010051965713501
0.00989305973052978
0.00998997688293457
0.0101020336151123
0.00990796089172363
0.00996196269989014
0.00982105731964111
0.0100909471511841
0.0101310014724731
0.00969409942626953
0.00992000102996826
0.00986289978027344
0.0100600719451904
0.00998592376708984
0.0100020170211792
0.0100700855255127
0.00994598865509033
0.0100460052490234
0.00994300842285156
0.010159969329834
0.0100269317626953
0.0100030899047852
0.00995790958404541
0.0100170373916626
0.010017991065979
0.0100140571594238
0.00985491275787354
0.00994503498077393
0.0101829767227173
0.00997602939605713
0.00984001159667969
0.0102239847183228
0.00978004932403564
0.0100739002227783
0.00992608070373535
0.0099790096282959
0.0100419521331787
0.00984096527099609
0.0100510120391846
0.00998806953430176
0.00995993614196777
0.0100970268249512
0.0099639892578125
0.00995099544525146
0.0100259780883789
0.0100229978561401
0.00977909564971924
0.010098934173584
0.0101430416107178
0.01003098487854
0.00979602336883545
0.0101759433746338
0.00988900661468506
0.0100810527801514
0.00989699363708496
0.00992894172668457
0.0100420713424683
0.0100409984588623
0.00990700721740723
0.0100349187850952
0.00980305671691894
0.010004997253418
0.0101809501647949
0.00977301597595215
0.00997602939605713
0.0099189281463623
0.0102291107177734
0.00981497764587402
0.0101000070571899
0.00985491275787354
0.0100610256195068
0.00988006591796875
0.010193943977356
0.00996601581573486
0.00988805294036865
0.0100109577178955
0.00997400283813477
0.0101579427719116
0.00998806953430176
0.0099329948425293
0.00982797145843506
0.0101100206375122
0.0100109577178955
0.0100480318069458
0.0099409818649292
0.00991296768188477
0.0100220441818237
0.0100270509719849
0.0100189447402954
0.00984704494476318
0.0100339651107788
0.00999593734741211
0.00998103618621826
0.0100940465927124
0.00990891456604004
0.00995409488677978
0.00990593433380127
0.010106086730957
0.0100098848342896
0.00998306274414062
0.0105689764022827
0.00935900211334228
0.00994598865509033
0.00993001461029053
0.0100799798965454
0.00997602939605713
0.0099029541015625
0.0100131034851074
0.0099869966506958
0.0100289583206177
0.00995504856109619
0.00977396965026856
0.00998497009277344
0.009971022605896
0.0102570056915283
0.00983297824859619
0.0101209878921509
0.0100510120391846
0.00978493690490723
0.0100110769271851
0.0100629329681396
0.00995206832885742
0.0099790096282959
0.0100020170211792
0.010085940361023
0.00986504554748535
0.00990796089172363
0.0101749897003174
0.0100100040435791
0.00997495651245117
0.00984501838684082
0.0101230144500732
0.0099329948425293
0.0100690126419067
0.00988101959228516
0.0099259614944458
0.0101970434188843
0.0099799633026123
0.00983607769012451
0.0100209712982178
0.0100070238113403
0.00990891456604004
0.0100330114364624
0.00983703136444092
0.0101330280303955
0.0099419355392456
0.0100810527801514
0.0099179744720459
0.0100350379943848
0.0100059509277344
0.009971022605896
0.00986802577972412
0.0100109577178955
0.0101200342178345
0.00987792015075684
0.0101110935211182
0.00983798503875732
0.00995397567749023
0.0100840330123901
0.00992393493652344
0.00989401340484619
0.00999307632446289
0.0100609064102173
0.0100070238113403
0.0100270509719849
0.0101629495620728
0.00988507270812988
0.0099109411239624
0.0101369619369507
0.00986409187316894
0.010064959526062
0.0100460052490234
0.00993692874908447
0.0100030899047852
0.00993502140045166
0.0100469589233398
0.0100189447402954
0.00993704795837402
0.00989294052124023
0.0100260972976685
0.0098949670791626
0.010193943977356
0.00978803634643555
0.0100059509277344
0.00995802879333496
0.0100860595703125
0.00978899002075195
0.0100970268249512
0.00983500480651856
0.0102779865264893
0.00987899303436279
0.0100929737091064
0.00993800163269043
0.0101120471954346
0.00988292694091797
0.00980806350708008
0.0100799798965454
0.0100799798965454
0.00989902019500732
0.0102579593658447
0.00979006290435791
0.0100799798965454
0.00991392135620117
0.00992107391357422
0.0100460052490234
0.0100339651107788
0.0100090503692627
0.0098949670791626
0.00987303256988525
0.0101199150085449
0.0124920606613159
0.00727403163909912
0.00968599319458008
0.0100629329681396
0.0102380514144897
0.0101969242095947
0.00983107089996338
0.010221004486084
0.00983297824859619
0.00986003875732422
0.0101239681243896
0.0100029706954956
0.00994598865509033
0.0100840330123901
0.00986301898956299
0.0101100206375122
0.00986993312835693
0.00997602939605713
0.00990593433380127
0.0102910995483398
0.00977599620819092
0.0100419521331787
0.0100029706954956
0.00991404056549072
0.00998497009277344
0.010127067565918
0.00982892513275146
0.0100700855255127
0.0099179744720459
0.0099329948425293
0.0100150108337402
0.0101169347763062
0.00988399982452393
0.010254979133606
0.0096670389175415
0.01009202003479
0.010077953338623
0.00993800163269043
0.0100210905075073
0.00987792015075684
0.010140061378479
0.00985097885131836
0.0100319385528564
0.00987207889556885
0.0100300312042236
0.00999188423156738
0.0100131034851074
0.00991296768188477
0.0100209712982178
0.0101799964904785
0.00990498065948486
0.00993204116821289
0.00984299182891846
0.0100439786911011
0.0100350379943848
0.00996601581573486
0.00995802879333496
0.010016918182373
0.00999701023101807
0.0100749731063843
0.0099329948425293
0.00997805595397949
0.00995099544525146
0.00990700721740723
0.0100350379943848
0.00992393493652344
0.0100539922714233
0.00993907451629639
0.0101509094238281
0.00983202457427978
0.00998806953430176
0.0101109743118286
0.00993692874908447
0.00995302200317383
0.0100619792938232
0.010080099105835
0.00993096828460693
0.0100150108337402
0.00994396209716797
0.0100090503692627
0.0100729465484619
0.00987398624420166
0.00993597507476807
0.010017991065979
0.0100160837173462
0.0099419355392456
0.00997602939605713
0.00999999046325684
0.00998902320861816
0.00998497009277344
0.0100480318069458
0.00994598865509033
0.00997304916381836
0.0100669860839844
0.00989902019500732
0.0100529193878174
0.00984501838684082
0.00992703437805176
0.00994300842285156
0.0101739168167114
0.0126830339431763
0.00716602802276611
0.00981402397155762
0.00999796390533447
0.0102410316467285
0.0100899934768677
0.00980997085571289
0.0100409984588623
0.00987005233764648
0.010193943977356
0.00983905792236328
0.010138988494873
0.0099639892578125
0.00992691516876221
0.00989305973052978
0.0100879669189453
0.0099329948425293
0.00999307632446289
0.0098419189453125
0.0101690292358398
0.00988805294036865
0.0101639032363892
0.0100020170211792
0.00997507572174072
0.00998091697692871
0.0100780725479126
0.009909987449646
0.0099480152130127
0.0099339485168457
0.0101610422134399
0.0098419189453125
0.0100240707397461
0.0099560022354126
0.00996100902557373
0.0100549459457397
0.0099409818649292
0.00997805595397949
0.0100200176239014
0.00989997386932373
0.0100810527801514
0.00985491275787354
0.0100830793380737
0.00999391078948975
0.00989508628845215
0.0100599527359009
0.00989305973052978
0.010077953338623
0.00999295711517334
0.00984501838684082
0.00997602939605713
0.0101439952850342
0.0099869966506958
0.00986194610595703
0.00999009609222412
0.0100319385528564
0.0099719762802124
0.0101510286331177
0.00981295108795166
0.00985109806060791
0.0101699829101562
0.010113000869751
0.0100289583206177
0.0101050138473511
0.00978899002075195
0.00995802879333496
0.0100029706954956
0.0100330114364624
0.0100569725036621
0.00995206832885742
0.010003924369812
0.00998806953430176
0.010004997253418
0.00988399982452393
0.0100669860839844
0.0100610256195068
0.00978493690490723
0.010127067565918
0.010004997253418
0.00986993312835693
0.00994408130645752
0.0100449323654175
0.0100420713424683
0.00976991653442383
0.0101109743118286
0.00983703136444092
0.0100430250167847
0.0100630521774292
0.0100569725036621
0.00991296768188477
0.0100719928741455
0.00979697704315186
0.01003098487854
0.0101660490036011
0.00977504253387451
0.0100679397583008
0.00997006893157959
0.00983095169067383
0.010301947593689
0.00990808010101318
0.0100229978561401
0.0159039497375488
0.00480902194976807
0.00856196880340576
0.0102710723876953
0.0101099014282227
0.0102421045303345
0.0100018978118896
0.00988507270812988
0.010125994682312
0.00978398323059082
0.0101829767227173
0.0100300312042236
0.00991904735565186
0.00992000102996826
0.00993800163269043
0.010051965713501
0.00999593734741211
0.0101540088653564
0.00988399982452393
0.00989603996276856
0.009909987449646
0.0101590156555176
0.0100339651107788
0.0098639726638794
0.00995802879333496
0.0100020170211792
0.00996005535125732
0.00995993614196777
0.0101369619369507
0.00981807708740234
0.00990796089172363
0.0100669860839844
0.00991308689117432
0.00994396209716797
0.0100009441375732
0.0102500915527344
0.00984799861907959
0.00981295108795166
0.0102469921112061
0.01003098487854
0.0100380182266235
0.00989401340484619
0.00996601581573486
0.0101150274276733
0.00989997386932373
0.00996792316436768
0.0100210905075073
0.00990092754364014
0.00989007949829102
0.0100829601287842
0.0100460052490234
0.0100150108337402
0.00988996028900146
0.0100669860839844
0.00988602638244629
0.0101250410079956
0.0100159645080566
0.0098029375076294
0.0100361108779907
0.00999999046325684
0.00996291637420654
0.0100500583648682
0.0099329948425293
0.0101100206375122
0.00973200798034668
0.0105409622192383
0.00941503047943115
0.00992298126220703
0.010159969329834
0.0100530385971069
0.0100070238113403
0.0100089311599731
0.00989902019500732
0.00999903678894043
0.00997495651245117
0.00998497009277344
0.00993108749389648
0.0101559162139893
0.00976407527923584
0.0100870132446289
0.00987589359283447
0.0100220441818237
0.0102740526199341
0.00982797145843506
0.010159969329834
0.00961601734161377
0.00991201400756836
0.0101410150527954
0.00979793071746826
0.0100500583648682
0.00994694232940674
0.0100940465927124
0.0101029872894287
0.0100870132446289
0.00999200344085693
0.00990593433380127
0.00998401641845703
0.0100769996643066
0.00983798503875732
0.0101240873336792
0.0125839710235596
0.00711095333099365
0.0099560022354126
0.0100079774856567
0.00992906093597412
0.0102299451828003
0.00997304916381836
0.0101449489593506
0.00959205627441406
0.0102599859237671
0.00996196269989014
0.00999701023101807
0.00998306274414062
0.00994300842285156
0.0100569725036621
0.00990104675292969
0.0100558996200562
0.0102720260620117
0.00980603694915772
0.00983500480651856
0.0101549625396729
0.00998198986053467
0.0100259780883789
0.00989508628845215
0.0100419521331787
0.0100150108337402
0.00999701023101807
0.0099719762802124
0.00988304615020752
0.0100799798965454
0.00991594791412354
0.00999903678894043
0.0099560022354126
0.0100100040435791
0.0100059509277344
0.00991404056549072
0.00995004177093506
0.0100129842758179
0.00992095470428467
0.0101690292358398
0.00983405113220215
0.00997591018676758
0.00999307632446289
0.0100139379501343
0.0099250078201294
0.00998997688293457
0.0100200176239014
0.0100300312042236
0.0099719762802124
0.0100150108337402
0.00998497009277344
0.0100860595703125
0.00999701023101807
0.0100020170211792
0.00987088680267334
0.0100020170211792
0.00997304916381836
0.00998997688293457
0.0100239515304565
0.0100080966949463
0.00999295711517334
0.0100569725036621
0.00993406772613525
0.00998497009277344
0.00990796089172363
0.0100539922714233
0.00993502140045166
0.0101339817047119
0.00984704494476318
0.00994503498077393
0.0101079940795898
0.00998198986053467
0.00993192195892334
0.010113000869751
0.00983309745788574
0.0100319385528564
0.00985503196716309
0.0100480318069458
0.0100089311599731
0.0099949836730957
0.00980198383331299
0.0101751089096069
0.00991296768188477
0.00999999046325684
0.00986301898956299
0.0100250244140625
0.0099639892578125
0.0100460052490234
0.00996196269989014
0.0101699829101562
0.00985205173492432
0.0102039575576782
0.00975298881530762
0.010138988494873
0.00989603996276856
0.0101180076599121
0.00983595848083496
0.010079026222229
0.00994598865509033
0.0100669860839844
0.0152829885482788
0.004364013671875
0.00989902019500732
0.0101499557495117
0.00994300842285156
0.0101909637451172
0.0100771188735962
0.0100059509277344
0.00989794731140137
0.0100470781326294
0.0098869800567627
0.010051965713501
0.00986707210540772
0.0101289749145508
0.00993800163269043
0.00976502895355225
0.00994694232940674
0.0102560520172119
0.00984597206115723
0.010004997253418
0.009909987449646
0.010159969329834
0.00977706909179688
0.010267972946167
0.00972795486450195
0.0101050138473511
0.00972402095794678
0.0100619792938232
0.00986802577972412
0.0100109577178955
0.00970196723937988
0.010619044303894
0.00962305068969727
0.0105739831924438
0.00935399532318115
0.0100120306015015
0.00994694232940674
0.0101369619369507
0.00986909866333008
0.01031494140625
0.00995504856109619
0.00985097885131836
0.0100200176239014
0.0101280212402344
0.0100449323654175
0.00996601581573486
0.0099339485168457
0.0100229978561401
0.0101320743560791
0.00996899604797363
0.00984501838684082
0.010206937789917
0.00996696949005127
0.00998210906982422
0.00976192951202393
0.0103039741516113
0.00986599922180176
0.0100750923156738
0.0098419189453125
0.00989007949829102
0.0100189447402954
0.0100200176239014
0.00990200042724609
0.0100139379501343
0.0100420713424683
0.00990796089172363
0.0100799798965454
0.00987207889556885
0.0100870132446289
0.0100419521331787
0.0099639892578125
0.0099259614944458
0.0101510286331177
0.00989902019500732
0.0099860429763794
0.0100549459457397
0.00989305973052978
0.0100399255752563
0.00997400283813477
0.00990402698516846
0.0100159645080566
0.00996506214141846
0.0099949836730957
0.00997698307037354
0.00998103618621826
0.0100219249725342
0.0100769996643066
0.00990903377532959
0.00994598865509033
0.00995206832885742
0.0100209712982178
0.0100239515304565
0.0100470781326294
0.00990498065948486
0.00995993614196777
0.00996696949005127
0.0101300477981567
0.00997304916381836
0.00992691516876221
0.00991499423980713
0.0149800777435303
0.00529003143310547
0.00948691368103027
0.0100560188293457
0.00992000102996826
0.0101460218429565
0.0100740194320679
0.0099790096282959
0.00999391078948975
0.00992310047149658
0.00998997688293457
0.0100699663162231
0.0099719762802124
0.010113000869751
0.00990307331085205
0.0100229978561401
0.00994694232940674
0.0100229978561401
0.0100669860839844
0.00985002517700195
0.0101710557937622
0.0098029375076294
0.0100640058517456
0.010017991065979
0.00996601581573486
0.00995802879333496
0.0101369619369507
0.00976705551147461
0.0101999044418335
0.00971102714538574
0.010066032409668
0.00991499423980713
0.0101230144500732
0.00989103317260742
0.00999796390533447
0.0109509229660034
0.00905001163482666
0.00991106033325195
0.0101619958877563
0.00986599922180176
0.00992000102996826
0.01009202003479
0.0100449323654175
0.00974905490875244
0.009971022605896
0.00969994068145752
0.00991904735565186
0.0101360082626343
0.0103939771652222
0.0101050138473511
0.0099560022354126
0.00989699363708496
0.00996899604797363
0.00991404056549072
0.0101718902587891
0.00990200042724609
0.00999200344085693
0.0099639892578125
0.0100420713424683
0.0098869800567627
0.0099639892578125
0.0101439952850342
0.0100029706954956
0.00987803936004639
0.0100170373916626
0.00997400283813477
0.00992894172668457
0.00989699363708496
0.0102090835571289
0.00997090339660644
0.00984609127044678
0.00998401641845703
0.00998294353485107
0.0099940299987793
0.0101230144500732
0.0097419023513794
0.0100480318069458
0.00988996028900146
0.0100560188293457
0.010187029838562
0.0100619792938232
0.00995504856109619
0.00986099243164062
0.0100510120391846
0.0100319385528564
0.00991499423980713
0.0101430416107178
0.00973498821258545
0.0100810527801514
0.00996494293212891
0.0100600719451904
0.00987696647644043
0.0101590156555176
0.00982201099395752
0.0100749731063843
0.00985395908355713
0.0101879835128784
0.00979506969451904
0.0100059509277344
0.0099799633026123
0.00988507270812988
0.0100460052490234
0.00978302955627441
0.0100319385528564
0.00987899303436279
0.0102959871292114
0.0099869966506958
0.00987303256988525
0.0101549625396729
0.010127067565918
0.00978493690490723
0.0101680755615234
0.00993800163269043
0.00996589660644531
0.0100480318069458
0.00992107391357422
0.0100189447402954
0.0100259780883789
0.00989007949829102
0.00998091697692871
0.0100110769271851
0.00998294353485107
0.00997006893157959
0.00992989540100098
0.0100280046463013
0.0099480152130127
0.00999903678894043
0.00984799861907959
0.0101239681243896
0.00998306274414062
0.0100479125976562
0.00987803936004639
0.00995206832885742
0.00997793674468994
0.0100439786911011
0.00993001461029053
0.0100970268249512
0.00989699363708496
0.0101579427719116
0.00988900661468506
0.0100080966949463
0.00987589359283447
0.00980901718139648
0.010093092918396
0.00995492935180664
0.0101380348205566
0.0100799798965454
0.00992298126220703
0.01009202003479
0.00999200344085693
0.0099029541015625
0.0100719928741455
0.00988805294036865
0.0100539922714233
0.00998294353485107
0.00996601581573486
0.00992107391357422
0.0100259780883789
0.0100469589233398
0.00993907451629639
0.00994396209716797
0.01003098487854
0.00985896587371826
0.0101370811462402
0.00987792015075684
0.0100070238113403
0.00999796390533447
0.00986504554748535
0.010159969329834
0.00995802879333496
0.00996100902557373
0.00999295711517334
0.00984907150268555
0.0101579427719116
0.00993108749389648
0.0101659297943115
0.00981199741363525
0.0100500583648682
0.0099489688873291
0.0100009441375732
0.0100970268249512
0.00977897644042969
0.010019063949585
0.00994503498077393
0.00995790958404541
0.0101879835128784
0.00988399982452393
0.0100311040878296
0.0100259780883789
0.00973796844482422
0.0101280212402344
0.00982499122619629
0.0100170373916626
0.00993895530700684
0.00996899604797363
0.0101330280303955
0.00999593734741211
0.00995099544525146
0.0100090503692627
0.00975501537322998
0.0102369785308838
0.012923002243042
0.00689697265625
0.00994503498077393
0.00994396209716797
0.0100680589675903
0.0100929737091064
0.00991404056549072
0.00998497009277344
0.0100239515304565
0.0101929903030396
0.00989103317260742
0.00985801219940186
0.0100549459457397
0.00987505912780762
0.0100150108337402
0.0100640058517456
0.00988399982452393
0.0100150108337402
0.00994992256164551
0.0101300477981567
0.0100970268249512
0.0100929737091064
0.00977694988250732
0.00993001461029053
0.00999605655670166
0.00998294353485107
0.00997602939605713
0.0100729465484619
0.00988399982452393
0.0100311040878296
0.00995290279388428
0.00986409187316894
0.0101299285888672
0.0101150274276733
0.00988399982452393
0.00991904735565186
0.00996994972229004
0.00997495651245117
0.0100020170211792
0.0101220607757568
0.00984394550323486
0.00989103317260742
0.010316014289856
0.00986993312835693
0.00969398021697998
0.00993108749389648
0.0105359554290771
0.00965404510498047
0.00982296466827393
0.0100200176239014
0.0101629495620728
0.00982499122619629
0.00984299182891846
0.0102230310440063
0.010019063949585
0.00997495651245117
0.00995194911956787
0.00998103618621826
0.0099639892578125
0.0103390216827393
0.00984799861907959
0.00983202457427978
0.0100070238113403
0.00995790958404541
0.010093092918396
0.0101299285888672
0.00993096828460693
0.0100001096725464
0.00999200344085693
0.00980591773986816
0.0100110769271851
0.00997495651245117
0.0100090503692627
0.00997889041900635
0.0100650787353516
0.00995993614196777
0.00992298126220703
0.00997602939605713
0.00992798805236816
0.010254979133606
0.00982701778411865
0.00993609428405762
0.0101549625396729
0.00978493690490723
0.0100960731506348
0.0101280212402344
0.0100198984146118
0.00982606410980225
0.00993597507476807
0.0100460052490234
0.00999903678894043
0.00984501838684082
0.010233998298645
0.00974500179290772
0.0100460052490234
0.0100339651107788
0.00997698307037354
0.0100070238113403
0.00984299182891846
0.0100510120391846
0.0101360082626343
0.0098949670791626
0.00990498065948486
0.00985205173492432
0.0101799964904785
0.0100719928741455
0.00989794731140137
0.010079026222229
0.00988197326660156
0.0101420879364014
0.0100429058074951
0.00988805294036865
0.00995194911956787
0.00991499423980713
0.009971022605896
0.0100430250167847
0.00999796390533447
0.00999701023101807
0.00983905792236328
0.0101639032363892
0.00995802879333496
0.010138988494873
0.00978505611419678
0.010003924369812
0.00996708869934082
0.0101759433746338
0.0099949836730957
0.00983309745788574
0.0099109411239624
0.0100350379943848
0.00989997386932373
0.00995397567749023
0.0100769996643066
0.0099250078201294
0.0100250244140625
0.0101219415664673
0.00992107391357422
0.00991594791412354
0.0099940299987793
0.0100560188293457
0.00993895530700684
0.00993800163269043
0.010019063949585
0.0100539922714233
0.009895920753479
0.0100400447845459
0.0100209712982178
0.0100250244140625
0.00978398323059082
0.0101050138473511
0.0100510120391846
0.0100719928741455
0.00989401340484619
0.00993800163269043
0.00999999046325684
0.00986301898956299
0.0101089477539062
0.00993502140045166
0.0100330114364624
0.0102260112762451
0.00990700721740723
0.00987398624420166
0.00994002819061279
0.0100389719009399
0.0099799633026123
0.00994503498077393
0.00995004177093506
0.010051965713501
0.00983703136444092
0.0101149082183838
0.00991606712341309
0.00998997688293457
0.0101180076599121
0.0102620124816895
0.00975096225738525
0.0100120306015015
0.00993597507476807
0.0100209712982178
0.00978398323059082
0.0101161003112793
0.0102099180221558
0.0096670389175415
0.0101300477981567
0.0098029375076294
0.0101100206375122
0.00989699363708496
0.0100929737091064
0.0100259780883789
0.00989103317260742
0.0100719928741455
0.00993001461029053
0.00999701023101807
0.00994503498077393
0.00990700721740723
0.0100929737091064
0.00989699363708496
0.0100439786911011
0.0100719928741455
0.00980496406555176
0.010093092918396
0.010828971862793
0.00931203365325928
0.00967490673065186
0.00995302200317383
0.0101109743118286
0.0101220607757568
0.00989198684692383
0.010051965713501
0.00986206531524658
0.0101399421691895
0.0101569890975952
0.0097130537033081
0.0100409984588623
0.00986099243164062
0.0100760459899902
0.00992798805236816
0.0101339817047119
0.00987792015075684
0.0100140571594238
0.0101200342178345
0.00989794731140137
0.0101490020751953
0.00981700420379639
0.0100040435791016
0.00990700721740723
0.0100119113922119
0.0100110769271851
0.00992095470428467
0.00991296768188477
0.0100830793380737
0.0100219249725342
0.00995504856109619
0.00998902320861816
0.00994992256164551
0.0101220607757568
