0.0996160507202148
0.104833960533142
0.0950250625610352
0.100013971328735
0.0998550653457642
0.0999549627304077
0.0999330282211304
0.100013971328735
0.0999460220336914
0.0999679565429688
0.100404024124146
0.0994899272918701
0.100029110908508
0.0998079776763916
0.0999659299850464
0.0998940467834473
0.100080966949463
0.0999200344085693
0.0998610258102417
0.100435018539429
0.0994999408721924
0.0999490022659302
0.100015997886658
0.0999840497970581
0.0999459028244019
0.0999161005020142
0.0999939441680908
0.0999369621276856
0.0999209880828857
0.0999070405960083
0.0999760627746582
0.0998929738998413
0.10002601146698
0.0998920202255249
0.100026965141296
0.0998769998550415
0.0999720096588135
0.0999889373779297
0.100124001502991
0.100267052650452
0.0994369983673096
0.0999109745025635
0.100072979927063
0.100324988365173
0.099606990814209
0.0998430252075195
0.0999990701675415
0.099951982498169
0.099918007850647
0.0998799800872803
0.0999969244003296
0.100288033485413
0.099668025970459
0.0999670028686523
0.099884033203125
0.0999659299850464
0.100435018539429
0.099465012550354
0.0999499559402466
0.099945068359375
0.0999919176101685
0.100008010864258
0.0999020338058472
0.0999020338058472
0.100428938865662
0.0994830131530762
0.0999699831008911
0.0999460220336914
0.0999370813369751
0.100070953369141
0.099884033203125
0.0999540090560913
0.0999569892883301
0.0999199151992798
0.0999300479888916
0.0999369621276856
0.10001802444458
0.0999490022659302
0.0999230146408081
0.100124955177307
0.0997819900512695
0.100733995437622
0.0991530418395996
0.100015044212341
0.099882960319519
0.100476026535034
0.0994669198989868
0.0999799966812134
0.0999660491943359
0.0999230146408081
0.100008010864258
0.101698040962219
0.0981239080429077
0.0999699831008911
0.0999660491943359
0.0999350547790527
0.0999939441680908
0.0999220609664917
0.100365996360779
0.0996088981628418