0.0998650789260864
0.100083947181702
0.10111403465271
0.0992549657821655
0.0997780561447144
0.100064992904663
0.0999130010604858
0.0999139547348022
0.0999480485916138
0.108072996139526
0.0920389890670776
0.0997449159622192
0.100000023841858
0.100031018257141
0.0999000072479248
0.0999200344085693
0.100059986114502
0.0998849868774414
0.0999950170516968
0.112246990203857
0.0877360105514526
0.0999029874801636
0.0999020338058472
0.100022912025452
0.0999330282211304
0.0998760461807251
0.100039005279541
0.099937915802002
0.0999650955200195
0.113999009132385
0.0860289335250854
0.0999300479888916
0.0998719930648804
0.0999239683151245
0.0999560356140137
0.0999410152435303
0.100000977516174
0.100117921829224
0.0999760627746582
0.112748980522156
0.0870840549468994
0.0994069576263428
0.100088000297546
0.0999900102615356
0.100394010543823
0.0996479988098144
0.10020899772644
0.100073933601379
0.0998470783233643
0.113456964492798
0.0864429473876953
0.100030064582825
0.0999480485916138
0.100392937660217
0.0994859933853149
0.100193023681641
0.0997220277786255
0.099943995475769
0.0999839305877686
0.116322040557861
0.0836939811706543
0.099869966506958
0.100008010864258
0.100105047225952
0.099918007850647
0.0998899936676025
0.0998580455780029
0.0998868942260742
0.0999680757522583
0.115227937698364
0.0853180885314941
0.0994589328765869
0.0999640226364136
0.0998580455780029
0.100481986999512
0.0994399785995483
0.100005984306335
0.0999850034713745
0.100078940391541
0.112545013427734
0.0873310565948486
0.0999250411987305
0.0998859405517578
0.0998940467834473
0.10025691986084
0.099682092666626
0.100088953971863
0.0996619462966919
0.100284099578857
0.115736961364746
0.0841729640960693
0.100301027297974
0.0999950170516968
0.0995789766311646
0.0999000072479248
0.0999119281768799
0.100092053413391
0.0998330116271973
0.100051045417786
0.116362929344177