0.0997289419174194
0.0999699831008911
0.0999840497970581
0.0998589992523193
0.100023984909058
0.0999579429626465
0.100043058395386
0.100121021270752
0.0999059677124023
0.0998979806900024
0.0997750759124756
0.0998769998550415
0.100182890892029
0.100231051445007
0.0995450019836426
0.100003004074097
0.0999250411987305
0.100088000297546
0.0999189615249634
0.0999820232391357
0.100065946578979
0.100426077842712
0.0998539924621582
0.10011100769043
0.0998389720916748
0.100032925605774
0.10014808177948
0.0991709232330322
0.10001802444458
0.100417017936707
0.100468039512634
0.0989829301834106
0.0999130010604858
0.099824070930481
0.100385904312134
0.0996220111846924
0.0999910831451416
0.0999089479446411
0.100043058395386
0.10004198551178
0.100053906440735
0.0998280048370361
0.100390076637268
0.0994899272918701
0.100974082946777
0.0993279218673706
0.100059986114502
0.100434064865112
0.0994279384613037
0.100007057189941
0.0998870134353638
0.0999449491500854
0.100015044212341
0.100011944770813
0.0998760461807251
0.100059032440186
0.0999939441680908
0.0997830629348755
0.0999770164489746
0.100379943847656
0.099668025970459
0.0998929738998413
0.0999670028686523
0.10003399848938
0.10020899772644
0.0996999740600586
0.0999280214309692
0.0999430418014526
0.100351929664612
0.0995470285415649
0.100008010864258
0.0998660326004028
0.100502014160156
0.0990809202194214
0.100313067436218
0.100062012672424
0.0998049974441528
0.100039958953857
0.0998469591140747
0.0999370813369751
0.100070953369141
0.0999590158462524
0.0999569892883301
0.099702000617981
0.100178003311157
0.100468993186951
0.0995659828186035
0.0999950170516968
0.0999540090560913
0.0999619960784912
0.0998330116271973
0.0999569892883301
0.100023984909058
0.100016951560974
0.0998450517654419
0.100083947181702
0.0998769998550415
0.0998920202255249
0.100355982780457
0.0995820760726929