0.100062966346741
0.0999859571456909
0.0998700857162476
0.0999889373779297
0.0999100208282471
0.0999209880828857
0.099822998046875
0.0999389886856079
0.099918007850647
0.0997790098190308
0.0999699831008911
0.0999130010604858
0.0998470783233643
0.100138902664185
0.0996360778808594
0.0998939275741577
0.100068092346191
0.0996729135513306
0.100082993507385
0.0997530221939087
0.0998929738998413
0.0999200344085693
0.0999289751052856
0.0998070240020752
0.100013971328735
0.100393056869507
0.0993809700012207
0.0999369621276856
0.0998539924621582
0.0996280908584595
0.100157022476196
0.0999419689178467
0.0998049974441528
0.0998120307922363
0.099977970123291
0.0998899936676025
0.0998300313949585
0.0996929407119751
0.0999699831008911
0.099776029586792
0.0999729633331299
0.0999760627746582
0.100273013114929
0.0998280048370361
0.0997899770736694
0.0999189615249634
0.100098013877869
0.0997999906539917
0.0997780561447144
0.100004911422729
0.0998120307922363
0.0999400615692139
0.100015997886658
0.099822998046875
0.0999130010604858
0.0999449491500854
0.0998400449752808
0.100023984909058
0.0997649431228638
0.0999699831008911
0.0996800661087036
0.10020899772644
0.0999159812927246
0.0998779535293579
0.0996850728988648
0.099916934967041
0.1006920337677
0.0990389585494995
0.0999680757522583
0.0999189615249634
0.0997880697250366
0.100299000740051
0.0996279716491699
0.0997909307479858
0.0999540090560913
0.0999090671539307
0.0998449325561523
0.0998990535736084
0.100023031234741
0.0997428894042969
0.0999020338058472
0.0999979972839356
0.100098013877869
0.0999170541763306
0.0996749401092529
0.0997799634933472
0.0999050140380859
0.099898099899292
0.09990394115448
0.0999360084533691
0.100041031837463
0.0997419357299805
0.100017070770264
0.0998579263687134
0.0999569892883301
0.0997480154037476
0.0999929904937744
0.0999170541763306
0.0999640226364136
0.0995309352874756