0.0997329950332642
0.0999199151992798
0.100043058395386
0.0998439788818359
0.100144028663635
0.0999469757080078
0.0999840497970581
0.0994889736175537
0.100294947624207
0.0997620820999146
0.0999929904937744
0.099918007850647
0.0998189449310303
0.100136041641235
0.0997099876403809
0.0999569892883301
0.0998939275741577
0.0999120473861694
0.0997569561004639
0.0999701023101807
0.0999449491500854
0.0998339653015137
0.099918007850647
0.0999250411987305
0.099998950958252
0.0996559858322144
0.10009503364563
0.0998610258102417
0.0996910333633423
0.100227952003479
0.0997509956359863
0.100242972373962
0.099511981010437
0.0999350547790527
0.100034952163696
0.099763035774231
0.099884033203125
0.0998899936676025
0.0998820066452026
0.10002601146698
0.100050926208496
0.0996880531311035
0.100082993507385
0.0998090505599976
0.0998919010162354
0.0998460054397583
0.099979043006897
0.100057005882263
0.0995930433273315
0.100275993347168
0.0996170043945312
0.0999419689178467
0.099884033203125
0.0998549461364746
0.0998719930648804
0.09996497631073
0.100187063217163
0.0995500087738037
0.100090980529785
0.100356936454773
0.0993900299072266
0.100072979927063
0.0996850728988648
0.0998018980026245
0.0999510288238525
0.100064039230347
0.0997500419616699
0.100048899650574
0.0997270345687866
0.0999040603637695
0.0998820066452026
0.0999429225921631
0.100246071815491
0.0995819568634033
0.100003004074097
0.0998560190200806
0.0998250246047974
0.099774956703186
0.100064992904663
0.0998280048370361
0.0999699831008911
0.100105047225952
0.0996220111846924
0.100176930427551
0.0997210741043091
0.0998818874359131
0.0998760461807251
0.0999840497970581
0.099977970123291
0.0997300148010254
0.100059032440186
0.0996369123458862
0.100088000297546
0.0998640060424805
0.0998690128326416
0.099882960319519
0.099931001663208
0.100664019584656
0.0991460084915161
0.100094079971313