0.100544929504395
0.100470066070557
0.10067892074585
0.100249052047729
0.100366950035095
0.100805997848511
0.100252032279968
0.100724935531616
0.100181102752686
0.100520968437195
0.100229978561401
0.10045599937439
0.1007239818573
0.100329995155334
0.100600004196167
0.100594997406006
0.10027801990509
0.100640058517456
0.100342988967896
0.10031795501709
0.100443005561829
0.100443005561829
0.100528955459595
0.100503087043762
0.100575923919678
0.100350022315979
0.100322008132935
0.100736975669861
0.100252032279968
0.100428938865662
0.100476026535034
0.100395083427429
0.100470900535584
0.100481986999512
0.10039210319519
0.100770950317383
0.0999280214309692
0.101223945617676
0.0999010801315308
0.10052490234375
0.100636005401611
0.100229024887085
0.100597023963928
0.100365042686462
0.100371956825256
0.100669026374817
0.100302934646606
0.100558996200562
0.100496053695679
0.100491046905518
0.100203990936279
0.100470900535584
0.100532054901123
0.100517988204956
0.10037100315094
0.100752949714661
0.100182056427002
0.100396037101746
0.100876927375793
0.100051999092102
0.100430011749268
0.100381016731262
0.100546002388
0.100451946258545
0.100805044174194
0.100401043891907
0.100212931632996
0.100538015365601
0.100674033164978
0.100381970405579
0.100435018539429
0.1005699634552
0.100370049476624
0.100464940071106
0.100507020950317
0.100627064704895
0.100011944770813
0.100401997566223
0.100901007652283
0.100005984306335
0.100754976272583
0.100542068481445
0.100351929664612
0.100489020347595
0.100432991981506
0.100725054740906
0.100320935249329
0.10030210018158
0.100770950317383
0.100101947784424
0.100528001785278
0.10040009021759
0.100499987602234
0.100466012954712
0.100569009780884
0.100557923316956
0.10021698474884
0.100113034248352
0.100944042205811
0.100215911865234
