0.106786966323853
0.0936319828033447
0.10060703754425
0.100466966629028
0.100486040115356
0.100288033485413
0.100919008255005
0.100071907043457
0.100506067276001
0.100826978683472
0.100247025489807
0.100710988044739
0.100679993629456
0.100289940834045
0.100776076316834
0.100302934646606
0.100808024406433
0.0998940467834473
0.10040295124054
0.100787997245789
0.100807070732117
0.100109934806824
0.100020051002502
0.100479960441589
0.101006984710693
0.100530028343201
0.100450992584229
0.100527048110962
0.0999079942703247
0.100996971130371
0.100160956382751
0.100584983825684
0.100068092346191
0.100691914558411
0.100715041160584
0.100671052932739
0.100214958190918
0.100504994392395
0.100289940834045
0.100799083709717
0.100482940673828
0.100303053855896
0.100489974021912
0.100664019584656
0.100409030914307
0.100473999977112
0.100268959999084
0.100811004638672
0.0999629497528076
0.100522041320801
0.100648999214172
0.100707054138184
0.100365996360779
0.100182890892029
0.10077702999115
0.100252032279968
0.101279020309448
0.0996359586715698
0.100861072540283
0.10014796257019
0.100896954536438
0.100560069084167
0.100618958473206
0.100103974342346
0.100546002388
0.100453019142151
0.101245045661926
0.0997699499130249
0.100553035736084
0.100453972816467
0.100414991378784
0.100327968597412
0.10063898563385
0.100285053253174
0.100908994674683
0.100296974182129
0.100237011909485
0.100702047348022
0.100404024124146
0.100472927093506
0.100511074066162
0.100580930709839
0.100265026092529
0.10060703754425
0.100477933883667
0.100221991539001
0.100359082221985
0.101172924041748
0.100064992904663
0.100592017173767
0.100504040718079
0.100731015205383
0.100083947181702
0.100450038909912
0.10063099861145
0.100142955780029
0.100335001945496
0.100736975669861
0.100472092628479
0.100400924682617
0.100820064544678
0.099929928779602
0.1007319688797
0.100564002990723
0.100287079811096
0.100564956665039
0.100291013717651
0.10066294670105
0.100752115249634
0.100188970565796
0.100558996200562
0.100047945976257
0.100815057754517
0.10080099105835
0.101053953170776
0.0997400283813477
0.100466966629028
0.100481033325195
0.10093104839325
0.099869966506958
0.100721001625061
0.100744009017944
0.100157022476196
0.100461959838867
0.100610971450806
0.100203990936279
0.100552082061768
0.100241899490356
0.100450992584229
0.100557088851929
0.100698947906494
0.0999979972839356
0.100540995597839
0.100422024726868
0.100836038589478
0.100441932678223
0.103209018707275
0.0978779792785644
0.100350975990295
0.100304007530212
0.100341081619263
0.100417017936707
0.10067892074585
0.100718021392822
0.100314974784851
0.100730061531067
0.100386023521423
0.100775957107544
0.100090026855469
0.10044801235199
0.100497007369995
0.100466966629028
0.100420951843262
0.100540995597839
0.100041031837463
0.101235032081604
0.100296020507812
0.0999249219894409
0.100520014762878
0.10200297832489
0.0972170829772949
0.110940933227539
0.0901930332183838
0.105647921562195
0.095749020576477
0.100075006484985
0.100093007087708
0.10051703453064
0.101096034049988
0.0998460054397583
0.100551009178162
0.100433945655823
0.100909948348999
0.100042104721069
0.100782990455627
0.100178956985474
0.100489974021912
0.100455045700073
0.10049295425415
0.100517988204956
0.100545048713684
0.100315928459167
0.100766062736511
0.100487947463989
0.100298047065735
0.100373983383179
0.100497961044312
0.100599050521851
0.100389957427979
0.100598096847534
0.100636959075928
0.10031795501709
0.100744009017944
0.100296974182129
0.100349068641663
0.100515007972717
0.100440979003906
0.100638031959534
0.100396990776062
0.100562930107117
0.100830078125
0.100082993507385
0.100911974906921
0.100150942802429
0.10044002532959
0.100805997848511
0.100232005119324
0.100642085075378
0.100261926651001
0.100381970405579
0.100547075271606
0.10089898109436
0.100023984909058
0.1005619764328
0.100502967834473
0.101438045501709
0.0995509624481201
0.100405097007751
0.100621938705444
0.100764989852905
0.100695967674255
0.100289106369019
0.100530982017517
0.100350975990295
0.100767970085144
0.100337028503418
0.100512027740479
0.100338935852051
0.100519061088562
0.100494980812073
0.10051703453064
0.100484013557434
0.100735902786255
0.100188016891479
0.100532054901123
0.100517988204956
0.100515007972717
0.100409984588623
0.100522041320801
0.100456953048706
0.100551962852478
0.100556969642639
0.100691080093384
0.100088953971863
0.100651025772095
0.100399017333984
0.100571036338806
0.100520968437195
0.100345969200134
0.100512027740479
0.100575923919678
0.10037100315094
0.100603103637695
0.100495934486389
0.100411057472229
0.100579977035522
0.100456953048706
0.100471019744873
0.100515007972717
0.100525975227356
0.101075053215027
0.0999289751052856
0.100826978683472
0.100185990333557
0.100414037704468
0.102434039115906
0.0985919237136841
0.100299000740051
0.109520077705383
0.0919629335403442
0.101453065872192
0.0992499589920044
0.100682973861694
0.100520014762878
0.100136995315552
0.100340008735657
0.100736975669861
0.100185990333557
0.100527048110962
0.100597023963928
0.100751996040344
0.0999969244003296
0.100756049156189
0.100340008735657
0.100566983222961
0.100885033607483
0.1004239320755
0.100259065628052
0.100209951400757
0.101045966148376
0.100015997886658
0.1007080078125
0.100190043449402
0.100574970245361
0.10033905506134
0.100991010665894
0.100970983505249
0.0998629331588745
0.100622057914734
0.100229978561401
0.100900053977966
0.100127935409546
0.100425004959106
0.100602984428406
0.101014018058777
0.100108027458191
0.100456953048706
0.100257992744446
0.100859045982361
0.100329041481018
0.100820899009705
0.100519061088562
0.100844979286194
0.100324034690857
0.100350022315979
0.100353956222534
0.100332021713257
0.100891947746277
0.10036301612854
0.100591063499451
0.100425004959106
0.100474953651428
0.100476980209351
0.100440979003906
0.100557088851929
0.100501894950867
0.100499033927917
0.100576043128967
0.100183963775635
0.100537061691284
0.100621938705444
0.100353002548218
0.100703001022339
0.100703954696655
0.100437045097351
0.100106954574585
0.100651025772095
0.100677013397217
0.100216031074524
0.100515961647034
0.100489020347595
0.100481986999512
0.101204037666321
0.0998200178146362
0.100488901138306
0.100447058677673
0.100147008895874
0.10080897808075
0.100409030914307
0.100485920906067
0.100945115089416
0.0997689962387085
0.100889921188354
0.10004997253418
0.100498080253601
0.100752949714661
0.100268006324768
0.101006984710693
0.100167989730835
0.100290060043335
0.1007159948349
0.100216031074524
0.100513935089111
0.100435972213745
0.10131299495697
0.0996479988098144
0.100804090499878
0.100391983985901
0.100559949874878
0.10033905506134
0.101101994514465
0.100558996200562
0.099871039390564
0.102081894874573
0.098831057548523
0.100672960281372
0.100551009178162
0.100571036338806
0.100795984268188
0.100316047668457
0.100565910339355
0.1007000207901
0.100236058235168
0.100547909736633
0.100481033325195
0.10041606426239
0.100476980209351
0.100975036621094
0.100152969360352
0.100430965423584
0.100473999977112
0.100512027740479
0.100592970848084
0.100414991378784
0.100547075271606
0.100543975830078
0.1004239320755
0.100317001342773
0.100350022315979
0.100612998008728
0.100481986999512
0.100538015365601
0.100541949272156
0.100610017776489
0.100484013557434
0.100627064704895
0.100296974182129
0.100621938705444
0.100589036941528
0.100756049156189
0.100021004676819
0.100366950035095
0.100584983825684
0.100411057472229
0.100487947463989
0.100381016731262
0.100327968597412
0.101163983345032
0.100309014320374
0.100192070007324
0.100798010826111
0.100533008575439
0.100039005279541
0.100534915924072
0.100246071815491
0.100610971450806
0.100445985794067
0.100844025611877
0.100279927253723
0.100519061088562
0.100489020347595
0.100485920906067
0.100618004798889
0.10022509098053
0.100428938865662
0.100939035415649
0.100098967552185
0.10076105594635
0.10038697719574
0.100623965263367
0.100357055664062
0.100232005119324
0.100740909576416
0.100533008575439
0.100841045379639
0.100451946258545
0.100354075431824
0.101014971733093
0.100772023200989
0.0999950170516968
0.100365996360779
0.100575923919678
0.100413084030151
0.100594997406006
0.100555896759033
0.100390076637268
0.100466012954712
0.100481986999512
0.100436925888062
0.100381016731262
0.100468039512634
0.100522994995117
0.100494027137756
0.100495934486389
0.100486040115356
0.100803017616272
0.100296020507812
0.100428938865662
0.100522994995117
0.100741982460022
0.100220084190369
0.100452899932861
0.100547075271606
0.100327014923096
0.100323915481567
0.100468993186951
0.100576043128967
0.100650072097778
0.100434899330139
0.100244998931885
0.10037100315094
0.100455045700073
0.100618004798889
0.100461006164551
0.100540995597839
0.100567936897278
0.100453019142151
0.10050904750824
0.100490927696228
0.100690007209778
0.100301027297974
0.100404977798462
0.100551009178162
0.10092306137085
0.0999609231948852
0.1008141040802
0.100258946418762
0.100491046905518
0.10068690776825
0.100267052650452
0.100685954093933
0.100293040275574
0.100550055503845
0.10102391242981
0.0999550819396973
0.100666999816895
0.100389957427979
0.100538969039917
0.100540041923523
0.1004239320755
0.100404024124146
0.100633025169373
0.100425958633423
0.100376009941101
0.100870013237
0.100234031677246
0.100654006004334
0.100546956062317
0.100528001785278
0.100457072257996
0.100404977798462
0.100412011146545
0.100661993026733
0.100685954093933
0.100573062896729
0.100519895553589
0.10064709186554
0.100513935089111
0.100697994232178
0.10153603553772
0.0992130041122436
0.100602984428406
0.100517988204956
0.100265979766846
0.100432991981506
0.100533008575439
0.100659012794495
0.100360035896301
0.100554943084717
0.100539088249207
0.100530982017517
0.100513935089111
0.100486993789673
0.100418090820312
0.100369930267334
0.100641012191772
0.100535035133362
0.100451946258545
0.100596070289612
0.100441932678223
0.100584983825684
0.100321054458618
0.100458025932312
0.100546002388
0.100428938865662
0.100359082221985
0.10053288936615
0.100530028343201
0.100597023963928
0.100519061088562
0.100778937339783
0.100211977958679
0.100524067878723
0.100552916526794
0.10080099105835
0.100319027900696
0.100085973739624
0.100394010543823
0.100995063781738
0.100631952285767
0.100674986839294
0.0996520519256592
0.100435018539429
0.100893020629883
0.100121974945068
0.1008620262146
0.100203990936279
0.100827932357788
0.100023984909058
0.101240038871765
0.0997480154037476
0.101169943809509
0.100007057189941
0.100283980369568
0.100801944732666
0.100484013557434
0.100475072860718
0.10017192363739
0.100828051567078
0.100209951400757
0.100764036178589
0.100545048713684
0.100291967391968
0.100298047065735
0.101159930229187
0.100039958953857
0.100637078285217
0.100901961326599
0.100479006767273
0.100337982177734
0.100669026374817
0.100365042686462
0.100592970848084
0.100458979606628
0.100515961647034
0.100309014320374
0.100756049156189
0.100453019142151
0.100185990333557
0.10049295425415
0.101184010505676
0.0998599529266357
0.100610017776489
0.100566983222961
0.10057008266449
0.100394010543823
0.100546002388
0.100165963172913
0.100767016410828
0.100436925888062
0.100604057312012
0.100538969039917
0.100337982177734
0.10050106048584
0.100628972053528
0.10001802444458
0.100826025009155
0.100391983985901
0.100535988807678
0.10050094127655
0.100607991218567
0.100671052932739
0.100523948669434
0.100161075592041
0.101691961288452
0.0994600057601929
0.100139021873474
0.0990920066833496
0.0973249673843384
0.100301027297974
0.100513935089111
0.100230097770691
0.100340962409973