0.10034704208374
0.0998250246047974
0.0999469757080078
0.0997250080108643
0.0998990535736084
0.0999670028686523
0.100026965141296
0.0997549295425415
0.0997821092605591
0.099998950958252
0.099890947341919
0.0998060703277588
0.0999319553375244
0.099918007850647
0.100015997886658
0.0994290113449097
0.100031971931458
0.100027084350586
0.0998549461364746
0.0997899770736694
0.100013017654419
0.0998239517211914
0.10001003742218
0.0997719764709473
0.0996450185775757
0.0997840166091919
0.100242018699646
0.0997179746627808
0.100093007087708
0.100672006607056
0.0987759828567505
0.100008964538574
0.0998940467834473
0.099835991859436
0.0998109579086304
0.100121021270752
0.0997390747070312
0.100122928619385
0.0997049808502197
0.099729061126709
0.100064039230347
0.100000977516174
0.099687933921814
0.0997850894927978
0.100083947181702
0.099890947341919
0.0999950170516968
0.0998420715332031
0.100384950637817
0.0994420051574707
0.100126028060913
0.0999560356140137
0.0995399951934814
0.0999759435653686
0.0997569561004639
0.100062012672424
0.0998170375823975
0.0997929573059082
0.099871039390564
0.0999070405960083
0.0998899936676025
0.100001931190491
0.0996770858764648
0.0998659133911133
0.0999740362167358
0.0996869802474976
0.0999239683151245
0.100091099739075
0.0999929904937744
0.0998599529266357
0.0995190143585205
0.100023984909058
0.100115060806274
0.0996919870376587
0.100017905235291
0.0997390747070312
0.100214004516602
0.0997569561004639
0.099539041519165
0.100211024284363
0.099774956703186
0.100044965744019
0.0997810363769531
0.0999660491943359
0.0998489856719971
0.099943995475769
0.0996710062026978
0.100320935249329
0.0996750593185425
0.0996919870376587
0.0996819734573364
0.100051045417786
0.100009918212891
0.0996650457382202
0.100042939186096
0.100003004074097
0.0998520851135254
0.10021698474884
0.0995309352874756
0.0999120473861694
