0.0882309675216675
0.099640965461731
0.100131034851074
0.0998519659042358
0.0999960899353027
0.0999569892883301
0.0998799800872803
0.100167036056519
0.0995789766311646
0.0998859405517578
0.0996980667114258
0.0999869108200073
0.100062012672424
0.0998049974441528
0.0999720096588135
0.0998539924621582
0.100028038024902
0.0997780561447144
0.100088000297546
0.128821969032288
0.070999026298523
0.107375979423523
0.0918779373168945
0.0998730659484863
0.0998950004577637
0.109127998352051
0.0998309850692749
0.0999369621276856
0.0998650789260864
0.0999399423599243
0.099694013595581
0.100122928619385
0.0998570919036865
0.0994910001754761
0.0998729467391968
0.099931001663208
0.100273013114929
0.0998619794845581
0.0997470617294312
0.100088000297546
0.0999399423599243
0.0996819734573364
0.0998750925064087
0.0998609066009522
0.0999470949172974
0.0999059677124023
0.0997519493103027
0.0999510288238525
0.0998150110244751
0.0999449491500854
0.0998740196228027
0.0999050140380859
0.0998890399932861
0.0998469591140747
0.0999929904937744
0.099958062171936
0.099829912185669
0.0997940301895142
0.0999540090560913
0.0998469591140747
0.10015606880188
0.099593997001648
0.0999330282211304
0.0998049974441528
0.0999709367752075
0.0999330282211304
0.0998259782791138
0.0998560190200806
0.100082039833069
0.0997689962387085
0.100117921829224
0.0997580289840698
0.0996390581130981
0.0998989343643188
0.0999569892883301
0.099897027015686
0.0998480319976807
0.0999410152435303
0.0998039245605469
0.099931001663208
0.0999660491943359
0.0999020338058472
0.0997799634933472
0.0998280048370361
0.09996497631073
0.0999870300292969
0.0997940301895142
0.0998709201812744
0.0998079776763916
0.0999960899353027
0.0999199151992798
0.0999010801315308
0.0997819900512695
0.0998079776763916
0.100010991096497
0.0998740196228027
0.0999269485473633
0.0997329950332642
0.099932074546814
0.100189924240112
0.100656032562256
0.098997950553894
0.0997310876846314
0.0998839139938354
0.0998070240020752
0.0999660491943359
0.0998480319976807
0.0999279022216797
0.0998260974884033
0.100029945373535
0.0999139547348022
0.099945068359375
0.099653959274292
0.0998330116271973
0.0999209880828857
0.099884033203125
0.100178956985474
0.100000023841858
0.0998589992523193
0.0996849536895752
0.0998390913009644
0.0998399257659912
0.0997830629348755
0.0999130010604858
0.0999599695205688
0.0999970436096191
0.099702000617981
0.0999109745025635
0.0998649597167969
0.100080966949463
0.099777102470398
0.0998369455337524
0.0999000072479248
0.0998799800872803
0.0998409986495972
0.100008964538574
0.0998750925064087
0.0998719930648804
0.0996869802474976
0.0997740030288696
0.0997879505157471
0.0999200344085693
0.10030198097229
0.0997980833053589
0.0999768972396851
0.0998250246047974
0.0999150276184082
0.0999469757080078
0.0997639894485474
0.0998170375823975
0.0998859405517578
0.0999660491943359
0.0999319553375244
0.0997210741043091
0.0998679399490356
0.10000205039978
0.0997769832611084
0.09996497631073
0.099789023399353
0.0999339818954468
0.0997819900512695
0.100108981132507
0.0905500650405884
0.116604924201965
0.0844730138778686
0.0989930629730225
0.105409979820251
0.102895021438599
0.0928809642791748
0.0979169607162476
0.0999020338058472
0.0998810529708862
0.0998280048370361
0.0998929738998413
0.0999189615249634
0.100112080574036
0.0996699333190918
0.099977970123291
0.0998380184173584
0.0998090505599976
0.0999000072479248
0.100062012672424
0.0997219085693359
0.0999490022659302
0.100027084350586
0.0997300148010254
0.100064992904663
0.0999109745025635
0.0995919704437256
0.0999939441680908
0.0998990535736084
0.099776029586792
0.100167989730835
0.0996580123901367
0.0999349355697632
0.0998190641403198
0.0999479293823242
0.100090026855469
0.100203037261963
0.0993999242782593
0.0997040271759033
0.0999749898910522
0.0999190807342529
0.0999079942703247
0.0997999906539917
0.100101947784424
0.0997229814529419
0.0998820066452026
0.0998750925064087
0.0999059677124023
0.10376501083374
0.0960289239883423
0.0997840166091919
0.10007905960083
0.0997660160064697
0.099990963935852
0.099918007850647
0.099810004234314
0.101050019264221
0.099524974822998
0.0995780229568481
0.0999599695205688
0.0998669862747192
0.0998680591583252
0.0998529195785522
0.0997960567474365
0.0999499559402466
0.0999090671539307
0.0998629331588745
0.0997430086135864
0.100005030632019
0.0998839139938354
0.100427031517029
0.0993070602416992
0.0998950004577637
0.100113987922668
0.099822998046875
0.0997660160064697
0.0999459028244019
0.0999050140380859
0.0999660491943359
0.0997060537338257
0.100314974784851
0.0996929407119751
0.099748969078064
0.0999010801315308
0.0998679399490356
0.0998439788818359
0.0998930931091309
0.0997859239578247
0.0999860763549805
0.0999460220336914
0.0999919176101685
0.0996379852294922
0.100064039230347
0.0998589992523193
0.0998779535293579
0.0999161005020142
0.0996439456939697
0.100206017494202
0.099871039390564
0.0998629331588745
0.0998270511627197
0.100031971931458
0.0997779369354248
0.0998719930648804
0.0999211072921753
0.0998469591140747
0.0999579429626465
0.0998610258102417
0.0997980833053589
0.104073882102966
0.0998260974884033
0.0997109413146973
0.100044012069702
0.0999120473861694
0.100124001502991
0.0956399440765381
0.0997530221939087
0.099871039390564
0.100031971931458
0.0996949672698975
0.0997780561447144
0.099855899810791
0.0998671054840088
0.100013971328735
0.0998289585113525
0.0999360084533691
0.099835991859436
0.100113034248352
0.0998040437698364
0.0998259782791138
0.0998839139938354
0.0998600721359253
0.099869966506958
0.0998610258102417
0.0998489856719971
0.0999829769134522
0.0999040603637695
0.0998419523239136
0.0999490022659302
0.0998719930648804
0.100097060203552
0.0996929407119751
0.100190997123718
0.100134015083313
0.0998409986495972
0.0998610258102417
0.100016951560974
0.0997380018234253
0.100008010864258
0.0997860431671143
0.0998529195785522
0.0999370813369751
0.0998950004577637
0.0998929738998413
0.0998530387878418
0.0999230146408081
0.0998069047927856
0.0999400615692139
0.099869966506958
0.099835991859436
0.0998660326004028
0.100144028663635
0.099998950958252
0.0997920036315918
0.0996949672698975
0.0999020338058472
0.0995769500732422
0.100008010864258
0.0999690294265747
0.0998589992523193
0.0995479822158814
0.100182056427002
0.0998239517211914
0.0997769832611084
0.0999190807342529
0.0999349355697632
0.0998669862747192
0.100093007087708
0.0997520685195923
0.0999609231948852
0.100004076957703
0.0997459888458252
0.0997940301895142
0.100002884864807
0.0997850894927978
0.100335955619812
0.0996140241622925
0.0998330116271973
0.100196957588196
0.0996520519256592
0.100157022476196
0.0998419523239136
0.0998539924621582
0.099977970123291
0.099748969078064
0.0999710559844971
0.0999660491943359
0.0999259948730469
0.0998929738998413
0.0998719930648804
0.0998519659042358
0.100020051002502
0.0998289585113525
0.0999549627304077
0.0998280048370361
0.100223064422607
0.0996040105819702
0.099929928779602
0.0998680591583252
0.0999449491500854
0.0999000072479248
0.099850058555603
0.0999579429626465
0.0996450185775757
0.100113034248352
0.0998790264129639
0.0998959541320801
0.0999250411987305
0.0997649431228638
0.10003399848938
0.0998690128326416
0.0999540090560913
0.0997439622879028
0.099837064743042
0.0999799966812134
0.0998179912567139
0.100050926208496
0.0998570919036865
0.0997179746627808
0.0999939441680908
0.0999890565872192
0.0996469259262085
0.100015044212341
0.0997790098190308
0.0998129844665527
0.0999059677124023
0.0998820066452026
0.0998810529708862
0.0999070405960083
0.0998939275741577
0.099850058555603
0.0999419689178467
0.0999150276184082
0.0997779369354248
0.100046038627625
0.0998749732971191
0.100064039230347
0.0997719764709473
0.0999130010604858
0.0998820066452026
0.0998020172119141
0.100005030632019
0.0998239517211914
0.0998920202255249
0.0998889207839966
0.100023031234741
0.0997810363769531
0.100039005279541
0.100170016288757
0.0998489856719971
0.0998899936676025
0.100219964981079
0.0995789766311646
0.0999500751495361
0.0998709201812744
0.0998760461807251
0.0999979972839356
0.0998369455337524
0.0999170541763306
0.099810004234314
0.0999079942703247
0.0998860597610474
0.0999399423599243
0.0999159812927246
0.0999460220336914
0.100062012672424
0.0998380184173584
0.0997089147567749
0.099871039390564
0.0999059677124023
0.0998890399932861
0.0999569892883301
0.099882960319519
0.0999290943145752
0.0999889373779297
0.0997580289840698
0.0999410152435303
0.0998989343643188
0.0998630523681641
0.09990394115448
0.0997780561447144
0.100034952163696
0.0998491048812866
0.0998018980026245
0.0998560190200806
0.100031971931458
0.100069046020508
0.099634051322937
0.0999109745025635
0.100117921829224
0.0995330810546875
0.0998380184173584
0.100053906440735
0.101022005081177
0.0987540483474731
0.099655032157898
0.0999709367752075
0.0998669862747192
0.0998690128326416
0.0999430418014526
0.0999000072479248
0.100026965141296
0.0998060703277588
0.0999259948730469
0.100355982780457
0.0993719100952148
0.0998810529708862
0.0999710559844971
0.0999259948730469
0.0997939109802246
0.0999690294265747
0.100018978118896
0.100144982337952
0.0998920202255249
0.100131988525391
0.0994610786437988
0.100075006484985
0.0999429225921631
0.0999979972839356
0.099824070930481
0.0998589992523193
0.0999389886856079
0.0999850034713745
0.099990963935852
0.0998350381851196
0.0998430252075195
0.0998479127883911
0.0999950170516968
0.0997799634933472
0.0999560356140137
0.0999749898910522
0.099763035774231
0.0999059677124023
0.0998520851135254
0.099937915802002
0.100352048873901
0.0993750095367432
0.0998939275741577
0.0999350547790527
0.100039958953857
0.0998719930648804
0.100057005882263
0.0996310710906982
0.0999109745025635
0.0998679399490356
0.0998990535736084
0.099776029586792
0.100003004074097
0.0999059677124023
0.0999699831008911
0.0998150110244751
0.0998640060424805
0.0998799800872803
0.0999139547348022
0.0998650789260864
0.0998950004577637
0.100032925605774
0.099958062171936
0.0997829437255859
0.0998470783233643
0.100199937820435
0.0995570421218872
0.0999549627304077
0.0999350547790527
0.0998920202255249
0.100162982940674
0.0997039079666138
0.100154042243958
0.0998380184173584
0.0999239683151245
0.0999000072479248
0.0999469757080078
0.0999060869216919
0.0999069213867188
0.0998340845108032
0.0999399423599243
0.0999330282211304
0.0999950170516968
0.099640965461731
0.100016951560974
0.0999420881271362
0.0998889207839966
0.0998480319976807
0.0999269485473633
0.100139021873474
0.0997120141983032
0.0998250246047974
0.100209951400757
0.0995320081710815
0.0998830795288086
0.100003004074097
0.0997689962387085
0.100212931632996
0.0998890399932861
0.099871039390564
0.0999729633331299
0.0998519659042358
0.0999239683151245
0.0998080968856812
0.099998950958252
0.0996170043945312
0.0998760461807251
0.0999850034713745
0.100021958351135
0.0997300148010254
0.100319981575012
0.0995279550552368
