0.103819966316223
0.0970749855041504
0.098207950592041
0.0999330282211304
0.100015997886658
0.0997099876403809
0.100244045257568
0.0998790264129639
0.100067019462585
0.0997248888015747
0.0997830629348755
0.0998580455780029
0.100039958953857
0.099810004234314
0.0997999906539917
0.100028991699219
0.099850058555603
0.0998539924621582
0.0999279022216797
0.0998860597610474
0.0998760461807251
0.0998818874359131
0.0998140573501587
0.100000023841858
0.0997949838638306
0.0998389720916748
0.100519061088562
0.0993609428405762
0.0998990535736084
0.0999549627304077
0.0997810363769531
0.0999029874801636
0.099776029586792
0.099734902381897
0.100124001502991
0.0998899936676025
0.0999010801315308
0.100031971931458
0.0998139381408691
0.0998060703277588
0.099918007850647
0.0999979972839356
0.0997929573059082
0.0998849868774414
0.099822998046875
0.099958062171936
0.0997869968414307
0.100019931793213
0.0999770164489746
0.0999940633773804
0.0996909141540527
0.0998140573501587
0.100034952163696
0.0998520851135254
0.0997970104217529
0.0999559164047241
0.0998200178146362
0.099850058555603
0.0998849868774414
0.100015997886658
0.0997549295425415
0.0999020338058472
0.0998020172119141
0.0999859571456909
0.0999070405960083
0.0998560190200806
0.0998640060424805
0.099856972694397
0.0999590158462524
0.0997819900512695
0.099869966506958
0.0999220609664917
0.100040912628174
0.0997790098190308
0.100100994110107
0.099729061126709
0.0999560356140137
0.0998018980026245
0.0998960733413696
0.0998920202255249
0.0998709201812744
0.100118041038513
0.099513053894043
0.0999469757080078
0.0998159646987915
0.0999710559844971
0.0999619960784912
0.0998280048370361
0.0998659133911133
0.0999020338058472
0.0998940467834473
0.0998349189758301
0.100223064422607
0.0996149778366089
0.099822998046875
0.0998849868774414
0.0999020338058472
0.100100994110107
0.0997639894485474
0.0999050140380859
0.0997369289398193
0.0999940633773804
0.0997639894485474
0.100039005279541
0.0999029874801636
0.099869966506958
0.100000023841858
0.0996930599212646
0.0998950004577637
0.0998839139938354
0.0998910665512085
0.0998380184173584
0.0999159812927246
0.100129008293152
0.0996129512786865
0.0999670028686523
0.100048065185547
0.0996809005737305
0.100022077560425
0.0997079610824585
0.0999859571456909
0.0999460220336914
0.0997500419616699
0.0999619960784912
0.0998200178146362
0.099929928779602
0.0998799800872803
0.100011110305786
0.0999329090118408
0.0997450351715088
0.099810004234314
0.0999389886856079
0.0998439788818359
0.0998870134353638
0.0999020338058472
0.0999289751052856
0.099822998046875
0.100028038024902
0.0997469425201416
0.0999640226364136
0.0998730659484863
0.0997829437255859
0.099990963935852
0.099931001663208
0.0998460054397583
0.0998610258102417
0.0998200178146362
0.100301027297974
0.0995439291000366
0.0998920202255249
0.10010302066803
0.0995270013809204
0.099943995475769
0.0999259948730469
0.0998790264129639
0.0998950004577637
0.0998759269714356
0.0998610258102417
0.100067019462585
0.0998409986495972
0.0998179912567139
0.100126981735229
0.0996700525283814
0.0998759269714356
0.0998200178146362
0.0999490022659302
0.0998400449752808
0.100054979324341
0.0996899604797363
0.0999720096588135
0.099822998046875
0.0998210906982422
0.099990963935852
0.0998879671096802
0.0998959541320801
0.0998440980911255
0.0998599529266357
0.0998799800872803
0.100090980529785
0.0997450351715088
0.0998539924621582
0.0999079942703247
0.0998129844665527
0.0999430418014526
0.0998719930648804
0.0999360084533691
0.0998300313949585
0.0998979806900024
0.100356936454773
0.0996280908584595
0.0996719598770142
0.0998380184173584
0.0999720096588135
0.0998649597167969
0.0998250246047974
0.0999159812927246
0.099890947341919
0.100058078765869
0.0997649431228638
0.100075006484985
0.0996490716934204
0.0998319387435913
0.0999900102615356
0.0998640060424805
0.100242972373962
0.099716067314148
0.0997529029846191
0.0997910499572754
0.0999549627304077
0.100000023841858
0.0997120141983032
0.0999590158462524
0.099748969078064
0.0999220609664917
0.0998820066452026
0.0999479293823242
0.0998439788818359
0.0998830795288086
0.0999050140380859
0.0997979640960693
0.0998530387878418
0.0998969078063965
0.10001802444458
0.0998589992523193
0.0998890399932861
0.0999069213867188
0.0998210906982422
0.0999569892883301
0.0997920036315918
0.100131988525391
0.099687933921814
0.0998440980911255
0.0998769998550415
0.0999109745025635
0.0998749732971191
0.100106000900269
0.0997350215911865
0.0997990369796753
0.100054979324341
0.0999219417572022
0.09974205493927
0.0999919176101685
0.099716067314148
0.0998499393463135
0.099932074546814
0.0998250246047974
0.100101947784424
0.0997639894485474
0.0998430252075195
0.100005984306335
0.0998560190200806
0.0999460220336914
0.0999749898910522
0.0997469425201416
0.099856972694397
0.0998760461807251
0.0998380184173584
0.0998679399490356
0.100010991096497
0.0997830629348755
0.100077986717224
0.0996589660644531
0.0999640226364136
0.0998730659484863
0.0999469757080078
0.099700927734375
0.0999860763549805
0.0998709201812744
0.0999170541763306
0.10004997253418
0.0997190475463867
0.099714994430542
0.100152969360352
0.0998190641403198
0.0998499393463135
0.0998920202255249
0.0998250246047974
0.0999130010604858
0.0999019145965576
0.0998810529708862
0.100056052207947
0.099714994430542
0.0999349355697632
0.0997830629348755
0.0999659299850464
0.0998619794845581
0.0998750925064087
0.0999859571456909
0.0997810363769531
0.0998950004577637
0.0999319553375244
0.0997660160064697
0.09990394115448
0.0999600887298584
0.0997989177703857
0.0999350547790527
0.0999009609222412
0.099824070930481
0.0999469757080078
0.0999679565429688
0.0997940301895142
0.0998890399932861
0.0998619794845581
0.0998979806900024
0.0999369621276856
0.0998129844665527
0.0999010801315308
0.0999969244003296
0.0997740030288696
0.100290060043335
0.0995199680328369
0.0996400117874146
0.100111961364746
0.0999010801315308
0.099653959274292
0.100302934646606
0.0998700857162476
0.0994689464569092
0.100105047225952
0.0998870134353638
0.100067019462585
0.0996509790420532
0.0999689102172852
0.0998320579528809
0.0997849702835083
0.0999670028686523
0.0999860763549805
0.0997658967971802
0.0999090671539307
0.0998859405517578
0.0998760461807251
0.100062012672424
0.0996990203857422
0.0999100208282471
0.0999399423599243
0.0998760461807251
0.0999029874801636
0.0998269319534302
0.0998780727386475
0.100206017494202
0.0995389223098755
0.100015044212341
0.0997879505157471
0.100136041641235
0.0996429920196533
0.0998660326004028
0.0999479293823242
0.0998010635375977
0.0999929904937744
0.0998259782791138
0.0998719930648804
0.100036978721619
0.0996930599212646
0.099897027015686
0.0999358892440796
0.0998890399932861
0.0999109745025635
0.100259065628052
0.0995650291442871
0.0998499393463135
0.0997660160064697
0.0998940467834473
0.0999668836593628
0.099810004234314
0.0999350547790527
0.09990394115448
0.100057005882263
0.0996860265731812
0.0998300313949585
0.0999239683151245
0.0998879671096802
0.0997660160064697
0.100043058395386
0.0998350381851196
0.0999408960342407
0.0998080968856812
0.0998859405517578
0.0999699831008911
0.0998489856719971
0.0998630523681641
0.0998890399932861
0.100090980529785
0.0995899438858032
0.0999749898910522
0.0998610258102417
0.0999020338058472
0.0998339653015137
0.0999079942703247
0.100136995315552
0.0995910167694092
0.0998959541320801
0.100076079368591
0.0997389554977417
0.0999059677124023
0.0998510122299194
0.100046992301941
0.0997810363769531
0.0998059511184692
0.0999000072479248
0.0999391078948975
0.0997759103775024
0.099943995475769
0.100249052047729
0.0997599363327026
0.0996050834655762
0.0998920202255249
0.0998789072036743
0.0999140739440918
0.0998889207839966
0.0999540090560913
0.100031018257141
0.0996800661087036
0.100009918212891
0.0997730493545532
0.0997990369796753
0.0998349189758301
0.0999460220336914
0.100031018257141
0.0998049974441528
0.0998589992523193
0.0998510122299194
0.0999159812927246
0.099998950958252
0.0998660326004028
0.100020051002502
0.100183010101318
0.0994869470596314
0.0998619794845581
0.0998250246047974
0.0998990535736084
0.0998769998550415
0.0998669862747192
0.0997859239578247
0.100059986114502
0.0996360778808594
0.100203990936279
0.0997499227523804
0.099790096282959
0.09996497631073
0.099897027015686
0.0998919010162354
0.100093007087708
0.0995650291442871
0.0998849868774414
0.0999730825424194
0.0999369621276856
0.0999089479446411
0.0997450351715088
0.0999209880828857
0.0999360084533691
0.0998589992523193
0.0999469757080078
0.0997710227966309
0.100175976753235
0.099560022354126
0.10003399848938
0.099789023399353
0.0998640060424805
0.0999469757080078
0.0999389886856079
0.0997380018234253
0.100010991096497
0.0997560024261475
0.100106000900269
0.0997639894485474
0.0998700857162476
0.0998159646987915
0.100165009498596
0.0996209383010864
0.0998730659484863
0.0999619960784912
0.0998239517211914
0.0999540090560913
0.100062012672424
0.099702000617981
0.0998179912567139
0.0998430252075195
0.0998209714889526
0.100023031234741
0.0998139381408691
0.0999250411987305
0.0998950004577637
0.0998369455337524
0.100050091743469
0.0996099710464478
0.0999259948730469
0.100008010864258
0.09990394115448
0.0998280048370361
0.0999130010604858
0.0999339818954468
0.099911093711853
0.100028991699219
0.0999690294265747
0.0995609760284424
0.0998339653015137
0.0999029874801636
0.0998979806900024
0.0998899936676025
0.0998550653457642
0.0999360084533691
0.0998479127883911
0.0998830795288086
0.0999259948730469
0.100114941596985
0.0996390581130981
0.0998640060424805
0.099890947341919
0.0998810529708862
0.100108981132507
0.0997370481491089
0.0998479127883911
0.0998190641403198
0.100104928016663
0.0997390747070312
0.0998369455337524
0.099822998046875
0.099789023399353
0.100003957748413
0.0999490022659302
0.0999370813369751
0.0999559164047241
0.0998040437698364
0.0998870134353638
0.0999629497528076
0.0997400283813477
0.099856972694397
0.0999569892883301
0.0998830795288086
0.0999289751052856
0.0996789932250977
0.100095987319946
0.0999360084533691
0.0998129844665527
0.0999079942703247
0.0998780727386475
0.0998319387435913
0.099979043006897
0.0997740030288696
0.0999149084091186
0.0998580455780029
0.0999339818954468
0.0997920036315918
0.0999640226364136
0.0997569561004639
0.0999050140380859
0.0999690294265747
0.099884033203125
0.0997999906539917
0.0999069213867188
0.0998580455780029
0.099945068359375
0.0997989177703857
0.0999360084533691
0.0999289751052856
0.100061058998108
0.0996179580688477
0.0999259948730469
0.0998740196228027
0.099897027015686
0.100116014480591
0.0996639728546143
0.099789023399353
0.099998950958252
0.0998309850692749
0.100546002388
0.0992569923400879
0.0999749898910522
0.099789023399353
0.0999010801315308
0.0999228954315186
0.0998350381851196
0.0998460054397583
0.0998680591583252
0.100134968757629
0.0999089479446411
0.09968101978302
0.0998170375823975
0.0999460220336914
0.0997989177703857
0.100044012069702
0.0997860431671143
0.0998859405517578
0.0998460054397583
0.0999330282211304
0.0998640060424805
0.100039005279541
0.0996659994125366
0.0998859405517578
0.100093007087708
0.0997951030731201
0.0997629165649414
0.099897027015686
0.099871039390564
0.0998479127883911
0.100176095962524
0.0997829437255859
0.0998090505599976
0.0998739004135132
0.0999050140380859
0.0998179912567139
0.0999701023101807
0.0997869968414307
0.0999089479446411
0.0998519659042358
0.100125074386597
0.0996959209442139