0.0995150804519653
0.0996799468994141
0.0994759798049927
0.099202036857605
0.0994460582733154
0.0996429920196533
0.0990959405899048
0.099702000617981
0.099837064743042
0.0991039276123047
0.0996580123901367
0.0992480516433716
0.0992709398269653
0.0994430780410767
0.0994819402694702
0.0995340347290039
0.0990539789199829
0.0997899770736694
0.0994139909744263
0.0994160175323486
0.0999000072479248
0.0990469455718994
0.0994020700454712
0.0994160175323486
0.0994129180908203
0.0995560884475708
0.0989459753036499
0.0992900133132935
0.0999249219894409
0.0994750261306763
0.0993989706039429
0.0994740724563599
0.0993880033493042
0.0997909307479858
0.0991630554199219
0.099357008934021
0.0991719961166382
0.0996060371398926
0.0994399785995483
0.0990979671478272
0.0994889736175537
0.0998600721359253
0.0995469093322754
0.0989440679550171
0.0993770360946655
0.0999399423599243
0.0989459753036499
0.0997830629348755
0.0996769666671753
0.0993059873580933
0.0995190143585205
0.0993369817733765
0.0994160175323486
0.0995069742202759
0.0994330644607544
0.0995320081710815
0.0990779399871826
0.0998599529266357
0.0992180109024048
0.0994820594787598
0.099092960357666
0.0997780561447144
0.0992659330368042
0.0991600751876831
0.0993409156799316
0.099655032157898
0.0993850231170654
0.0999269485473633
0.0992060899734497
0.0995289087295532
0.0993160009384155
0.0997540950775146
0.0991679430007935
0.0994139909744263
0.0996260643005371
0.0993939638137817
0.105257034301758
0.0934489965438843
0.0993289947509766
0.0996689796447754
0.099329948425293
0.0998790264129639
0.0989780426025391
0.099389910697937
0.0995380878448486
0.0993980169296265
0.0994139909744263
0.0994839668273926
0.0993659496307373
0.0994150638580322
0.0994470119476318
0.100158929824829
0.0989170074462891
0.099297046661377
0.099666953086853
0.099357008934021
0.0993809700012207
0.0994970798492432
0.0991820096969604
0.0994830131530762