0.100393891334534
0.0998870134353638
0.0997049808502197
0.0999420881271362
0.0999599695205688
0.0997259616851807
0.0997920036315918
0.0999720096588135
0.0997819900512695
0.10003399848938
0.099560022354126
0.10021698474884
0.0999460220336914
0.0997769832611084
0.0998010635375977
0.0997769832611084
0.100114941596985
0.100064992904663
0.0996520519256592
0.0999150276184082
0.0998159646987915
0.0999079942703247
0.0999289751052856
0.099951982498169
0.0997790098190308
0.0999860763549805
0.0995339155197144
0.099850058555603
0.100178956985474
0.0998950004577637
0.0995609760284424
0.100394010543823
0.0994600057601929
0.0999050140380859
0.0999860763549805
0.0997779369354248
0.0999120473861694
0.0998409986495972
0.100008964538574
0.0999360084533691
0.0996739864349365
0.100342035293579
0.0998049974441528
0.0999859571456909
0.0993729829788208
0.100184082984924
0.0997979640960693
0.100355982780457
0.0994709730148315
0.0999430418014526
0.099869966506958
0.100558042526245
0.0993689298629761
0.099945068359375
0.0998049974441528
0.10001003742218
0.0997428894042969
0.0999420881271362
0.099835991859436
0.0998629331588745
0.099634051322937
0.0999950170516968
0.100085973739624
0.100028038024902
0.0997439622879028
0.0999490022659302
0.0997680425643921
0.0997529029846191
0.10001003742218
0.100069046020508
0.0997189283370972
0.0997600555419922
0.0998979806900024
0.0999530553817749
0.0998769998550415
0.0998439788818359
0.0998389720916748
0.100031971931458
0.0998489856719971
0.0999470949172974
0.0997709035873413
0.099958062171936
0.0998950004577637
0.100116014480591
0.0995699167251587
0.0999650955200195
0.0998769998550415
0.0999239683151245
0.099810004234314
0.100046038627625
0.0997378826141357
0.100104093551636
0.0998239517211914
0.0999020338058472
0.100028991699219
0.0996099710464478
0.0997960567474365
0.100065946578979
0.0997380018234253
0.0997560024261475
