0.116245985031128
0.103394985198975
0.0800440311431885
0.0996479988098144
0.0995919704437256
0.100100040435791
0.0996869802474976
0.100604057312012
0.0994819402694702
0.0996710062026978
0.100126028060913
0.100260972976685
0.0997090339660644
0.0994189977645874
0.100379943847656
0.0998001098632812
0.0996559858322144
0.100019931793213
0.13171398639679
0.0678240060806274
0.116541981697083
0.0832850933074951
0.100241899490356
0.0995290279388428
0.0999569892883301
0.0997990369796753
0.0999029874801636
0.0997910499572754
0.0998939275741577
0.100237011909485
0.099951982498169
0.0998420715332031
0.099655032157898
0.0997558832168579
0.100202083587646
0.099918007850647
0.0996439456939697
0.099869966506958
0.0997660160064697
0.100288987159729
0.0995720624923706
0.100209951400757
0.0998890399932861
0.0997380018234253
0.0998760461807251
0.0998709201812744
0.100154042243958
0.0998959541320801
0.0998140573501587
0.0997669696807861
0.0999640226364136
0.0998899936676025
0.0994729995727539
0.101405024528503
0.0989439487457275
0.0996780395507812
0.0999690294265747
0.101850986480713
0.0980699062347412
0.100039005279541
0.0998080968856812
0.0997449159622192
0.100061058998108
0.0998469591140747
0.0997730493545532
0.0999069213867188
0.0996750593185425
0.100252985954285
0.0999289751052856
0.0997970104217529
0.0998530387878418
0.099822998046875
0.0998269319534302
0.100035071372986
0.0999549627304077
0.0998450517654419
0.0999900102615356
0.0993930101394653
0.100093960762024
0.0997339487075806
0.0997980833053589
0.100304961204529
0.0996819734573364
0.0998849868774414
0.0999040603637695
0.100011944770813
0.0996860265731812
0.0998810529708862
0.0997439622879028
0.0999629497528076
0.0999690294265747
0.0998950004577637
0.0997710227966309
0.0999289751052856
0.0999029874801636
0.100123047828674
0.0979939699172974
0.109357953071594
0.095749020576477
0.0948760509490967
0.108261942863464
0.0911669731140137
0.099871039390564
0.099871039390564
0.0996450185775757
0.0999770164489746
0.099943995475769
0.0998018980026245
0.0999881029129028
0.099774956703186
0.0999670028686523
0.100085973739624
0.0995919704437256
0.099911093711853
0.100129961967468
0.0996730327606201
0.0999259948730469
0.0999829769134522
0.099977970123291
0.0997990369796753
0.0998300313949585
0.100132942199707
0.09968101978302
0.0998769998550415
0.100183963775635
0.0998320579528809
0.100081920623779
0.0998600721359253
0.10002601146698
0.0998249053955078
0.0996969938278198
0.0999530553817749
0.0998649597167969
0.0999540090560913
0.099837064743042
0.0999269485473633
0.099943995475769
0.0999740362167358
0.0997970104217529
0.0998139381408691
0.0998880863189697
0.099977970123291
0.0999510288238525
0.0999139547348022
0.100085020065308
0.0996259450912476
0.0998560190200806
0.0999200344085693
0.0998389720916748
0.099632978439331
0.0999890565872192
0.0999330282211304
0.0996578931808472
0.0999070405960083
0.0998129844665527
0.0998389720916748
0.100168108940125
0.0996779203414917
0.09996497631073
0.0998800992965698
0.0997529029846191
0.0999630689620972
0.0998250246047974
0.0999079942703247
0.099943995475769
0.0999159812927246
0.0999679565429688
0.0997099876403809
0.0999550819396973
0.0999469757080078
0.0998740196228027
0.100175976753235
0.0997500419616699
0.100142002105713
0.0997999906539917
0.0999149084091186
0.0999550819396973
0.0999050140380859
0.0999249219894409
0.0999159812927246
0.0998220443725586
0.0999460220336914
0.0997849702835083
0.0999760627746582
0.0998439788818359
0.100013971328735
0.0997970104217529
0.099979043006897
0.0998709201812744
0.0999610424041748
0.0997560024261475
0.0997409820556641
0.10011100769043
0.0998649597167969
0.0999079942703247
0.0999040603637695
0.0998950004577637
0.09990394115448
0.0999259948730469
0.0995820760726929
0.0999479293823242
0.0999720096588135
0.0999350547790527
0.0998859405517578
0.099606990814209
0.0999829769134522
0.0997871160507202
0.0998889207839966
0.10029399394989
0.0995199680328369
0.0999280214309692
0.0998870134353638
0.0998140573501587
0.100184917449951
0.0997030735015869
0.0998330116271973
0.0999559164047241
0.100112080574036
0.0997399091720581
0.0997930765151978
0.0999059677124023
0.0999100208282471
0.0999330282211304
0.0999529361724854
0.0999280214309692
0.100028038024902
0.0997380018234253
0.100214004516602
0.100214958190918
0.0996299982070923
0.0998599529266357
0.0998820066452026
0.0995750427246094
0.0999799966812134
0.100188970565796
0.0998470783233643
0.0999149084091186
0.0999070405960083
0.0998010635375977
0.0999670028686523
0.0998309850692749
0.0999279022216797
0.100017070770264
0.0997949838638306
0.100015997886658
0.0997840166091919
0.100005030632019
0.0998309850692749
0.0996829271316528
0.100122094154358
0.0997569561004639
0.100016951560974
0.0999960899353027
0.0997989177703857
0.0999760627746582
0.0998109579086304
0.0998849868774414
0.0999530553817749
0.0998250246047974
0.0999850034713745
0.0997918844223022
0.0999040603637695
0.0998959541320801
0.0997700691223144
0.0998499393463135
0.0999560356140137
0.0998079776763916
0.09974205493927
0.0998769998550415
0.10016393661499
0.0996720790863037
0.0999149084091186
0.100022077560425
0.0998209714889526
0.0997740030288696
0.0999430418014526
0.0998640060424805
0.0999718904495239
0.099824070930481
0.100054979324341
0.0998339653015137
0.100014090538025
0.0997399091720581
0.099992036819458
0.100062012672424
0.0998220443725586
0.0998369455337524
0.100121974945068
0.100018978118896
0.0999430418014526
0.0998539924621582
0.0998610258102417
0.0998209714889526
0.0999499559402466
0.0999360084533691
0.0998290777206421
0.0999319553375244
0.0998920202255249
0.100044012069702
0.0997680425643921
0.0999488830566406
0.100108027458191
0.0996400117874146
0.0998660326004028
0.0999529361724854
0.0998040437698364
0.100206971168518
0.0997329950332642
0.0998560190200806
0.0998719930648804
0.0999010801315308
0.0998950004577637
0.0999279022216797
0.0999640226364136
0.099931001663208
0.0998830795288086
0.0999228954315186
0.0997960567474365
0.0999239683151245
0.0996260643005371
0.0998519659042358
0.100162982940674
0.0995540618896484
0.0998839139938354
0.099816083908081
0.0999149084091186
0.0999699831008911
0.0998330116271973
0.0998600721359253
0.100027918815613
0.0998491048812866
0.0998769998550415
0.0999529361724854
0.0997840166091919
0.100327968597412
0.0996600389480591
0.0997680425643921
0.0999389886856079
0.0998349189758301
0.0999010801315308
0.100201964378357
0.0998289585113525
0.0999330282211304
0.0998120307922363
0.10011899471283
0.0999749898910522
0.0999209880828857
0.0998660326004028
0.09990394115448
0.0998730659484863
0.0998539924621582
0.099916934967041
0.0999879837036133
0.0998630523681641
0.0998899936676025
0.0998630523681641
0.0999199151992798
0.0999040603637695
0.0999020338058472
0.0996989011764526
0.100118041038513
0.0998760461807251
0.0998389720916748
0.0999829769134522
0.0999000072479248
0.0998460054397583
0.100046992301941
0.0999629497528076
0.0998650789260864
0.0998289585113525
0.0999009609222412
0.0998910665512085
0.0999640226364136
0.0998959541320801
0.0998049974441528
0.0996049642562866
0.10013210773468
0.0997319221496582
0.0997949838638306
0.0997670888900757
0.0999869108200073
0.0998820066452026
0.0999699831008911
0.0998899936676025
0.0998110771179199
0.100052952766418
0.100084066390991
0.0996079444885254
0.0999729633331299
0.0998560190200806
0.100031018257141
0.100198030471802
0.0995349884033203
0.0998090505599976
0.100175976753235
0.0996840000152588
0.0998380184173584
0.100003957748413
0.100033044815063
0.100076913833618
0.0997970104217529
0.100031971931458
0.0999820232391357
0.0998950004577637
0.099884033203125
0.0998779535293579
0.0998799800872803
0.0999460220336914
0.100102066993713
0.0997439622879028
0.10001802444458
0.0997549295425415
0.100007057189941
0.0997849702835083
0.0999070405960083
0.100158929824829
0.099634051322937
0.0999070405960083
0.0998690128326416
0.0998859405517578
0.0999200344085693
0.0999699831008911
0.0997929573059082
0.0999660491943359
0.0999000072479248
0.0999770164489746
0.0999709367752075
0.0997970104217529
0.0999120473861694
0.099808931350708
0.0999140739440918
0.09984290599823
0.100033044815063
0.100031971931458
0.0998790264129639
0.0997270345687866
0.0995669364929199
0.100221037864685
0.100020051002502
0.0994549989700317
0.0998249053955078
0.100008010864258
0.0997650623321533
0.0999759435653686
0.0998740196228027
0.0999070405960083
0.099916934967041
0.0999140739440918
0.0998979806900024
0.0999130010604858
0.100064992904663
0.0997079610824585
0.0999000072479248
0.0999690294265747
0.0998380184173584
0.0999670028686523
0.0998709201812744
0.100082993507385
0.0998930931091309
0.10004997253418
0.0999130010604858
0.10018002986908
0.0998009443283081
0.0998400449752808
0.0998489856719971
0.0998820066452026
0.0998669862747192
0.0999360084533691
0.0999619960784912
0.0999230146408081
0.0998740196228027
0.0999079942703247
0.0998899936676025
0.0999549627304077
0.0998539924621582
0.0999020338058472
0.0998820066452026
0.0999289751052856
0.0999009609222412
0.0999140739440918
0.100136995315552
0.0997229814529419
0.0999050140380859
0.0999050140380859
0.099829912185669
0.0999290943145752
0.0998849868774414
0.0998969078063965
0.0998270511627197
0.0999460220336914
0.0998269319534302
0.099992036819458
0.0999430418014526
0.0999559164047241
0.0996870994567871
0.100085973739624
0.0997970104217529
0.100181937217712
0.099261999130249
0.100195050239563
0.0996619462966919
0.0998290777206421
0.0999459028244019
0.0999350547790527
0.0999239683151245
0.0999630689620972
0.0997109413146973
0.100154995918274
0.0998960733413696
0.100077986717224
0.099666953086853
0.0997999906539917
0.100064992904663
0.0998170375823975
0.0999150276184082
0.0998879671096802
0.100093007087708
0.100167989730835
0.0999560356140137
0.0997480154037476
0.0998419523239136
0.0999929904937744
0.0998530387878418
0.0999569892883301
0.100003957748413
0.100057005882263
0.0996559858322144
0.0999220609664917
0.0998719930648804
0.0998599529266357
0.0999100208282471
0.0999059677124023
0.0999029874801636
0.0999341011047363
0.099929928779602
0.099668025970459
0.100116968154907
0.0998799800872803
0.0999159812927246
0.0998350381851196
0.0999530553817749
0.0999119281768799
0.100131034851074
0.0996979475021362
0.100008010864258
0.099789023399353
0.0999330282211304
0.0997519493103027
0.100900053977966
0.0989699363708496
0.0997220277786255
0.099977970123291
0.100062012672424
0.0997270345687866
0.0996800661087036
0.0999469757080078
0.0999289751052856
0.0998549461364746
0.10023307800293
0.0999950170516968
0.0995429754257202
0.099774956703186
0.0999369621276856
0.0999660491943359
0.0998610258102417
0.0999360084533691
0.0998399257659912
0.0999840497970581
0.0998380184173584
0.0999289751052856
0.0999599695205688
0.0998899936676025
0.100041031837463
0.100142955780029
0.100265026092529
0.099479079246521
0.100098967552185
0.0997869968414307
0.0999939441680908
0.0998179912567139
0.0999940633773804
0.0998899936676025
0.0998729467391968
0.099911093711853
0.0998719930648804
0.0999819040298462
0.0998620986938477
0.0998919010162354
0.0999540090560913
0.0998690128326416
0.0999090671539307
0.0997970104217529
0.0999629497528076
0.0998990535736084
0.0999969244003296
0.0999259948730469
0.0999850034713745
0.0998409986495972
0.0998950004577637
0.0998760461807251
0.0999490022659302
0.0995609760284424
0.100149035453796
0.0998790264129639
0.0999399423599243