0.0962319374084473
0.0999619960784912
0.0998530387878418
0.100047945976257
0.100159049034119
0.0995420217514038
0.0999969244003296
0.0997600555419922
0.0998079776763916
0.100097060203552
0.100151896476746
0.0998570919036865
0.0998259782791138
0.100060939788818
0.0997560024261475
0.0995080471038818
0.10031795501709
0.0998580455780029
0.0996969938278198
0.0998549461364746
0.100053071975708
0.0997530221939087
0.0999389886856079
0.100260972976685
0.0996819734573364
0.0998560190200806
0.0999549627304077
0.0998690128326416
0.0995980501174927
0.10005795955658
0.0999200344085693
0.0997380018234253
0.099795937538147
0.100032091140747
0.0998319387435913
0.0998690128326416
0.0998870134353638
0.0999289751052856
0.100065946578979
0.0997470617294312
0.0997500419616699
0.100286960601807
0.0998460054397583
0.0997940301895142
0.0997809171676636
0.100036025047302
0.0997990369796753
0.0997689962387085
0.0999280214309692
0.100093007087708
0.10011899471283
0.0994769334793091
0.10007107257843
0.10004198551178
0.0997300148010254
0.100097894668579
0.0998020172119141
0.0997869968414307
0.100010991096497
0.0998010635375977
0.0996760129928589
0.100181937217712
0.0995889902114868
0.100152015686035
0.0999380350112915
0.0998460054397583
0.0999599695205688
0.0996140241622925
0.100242972373962
0.0996900796890259
0.0997129678726196
0.0999529361724854
0.100153088569641
0.100024938583374
0.0996890068054199
0.0998350381851196
0.0997220277786255
0.100108981132507
0.0999199151992798
0.0997880697250366
0.100091934204102
0.0999380350112915
0.0996949672698975
0.099918007850647
0.0997620820999146
0.0998950004577637
0.100047945976257
0.099897027015686
0.0997380018234253
0.100077986717224
0.0997530221939087
0.100150942802429
0.0996180772781372
0.0999538898468018
0.099898099899292
0.0999979972839356
0.0999319553375244
0.0997229814529419
0.0999970436096191
0.0998389720916748
