0.161692976951599
0.0123039484024048
0.100512027740479
0.133750081062317
0.071881890296936
0.0955370664596558
0.100425958633423
0.100488066673279
0.100275993347168
0.100575923919678
0.100503087043762
0.100520968437195
0.100399971008301
0.1006760597229
0.10020899772644
0.100459933280945
0.10044801235199
0.100651979446411
0.100597023963928
0.100224018096924
0.100345015525818
0.100515007972717
0.100271940231323
0.100818037986755
0.100661039352417
0.100265979766846
0.100824952125549
0.100136041641235
0.100399017333984
0.100324988365173
0.100489974021912
0.100877046585083
0.100534915924072
0.100234031677246
0.100617051124573
0.100305914878845
0.100607991218567
0.100253105163574
0.100503921508789
0.100367069244385
0.100541949272156
0.100901961326599
0.100146055221558
0.100301027297974
0.100520968437195
0.100440979003906
0.100602030754089
0.100363969802856
0.100412011146545
0.100250959396362
0.100720047950745
0.100813984870911
0.099977970123291
0.100496053695679
0.100504040718079
0.100483894348145
0.100354075431824
0.100561022758484
0.100376009941101
0.1005699634552
0.100216031074524
0.100659966468811
0.100605010986328
0.100467920303345
0.100399017333984
0.0999270677566528
0.100664973258972
0.100769996643066
0.100466012954712
0.100432991981506
0.100580930709839
0.10030210018158
0.100639939308166
0.100244045257568
0.100492000579834
0.100392937660217
0.100851058959961
0.100134015083313
0.100531935691834
0.100147008895874
0.100736021995544
0.10028600692749
0.100762963294983
0.100282073020935
0.100351929664612
0.100805044174194
0.100189924240112
0.100892066955566
0.100098967552185
0.100165963172913
0.100317001342773
0.100982069969177
0.100466966629028
0.100386023521423
0.100615978240967
0.100353002548218
0.100455045700073
0.100407958030701
0.100162982940674
0.100859045982361
0.100296020507812
0.100548982620239
0.1005779504776
0.100247979164124
0.100413084030151
0.100718021392822
0.100441932678223
0.100524067878723
0.1004478931427
0.100699067115784
0.100445032119751
0.100125908851624
0.100573062896729
0.100209951400757
0.100287079811096
0.100936889648438
0.100375056266785
0.100242972373962
0.100040078163147
0.100899934768677
0.100319027900696
0.100942015647888
0.100250005722046
0.100318908691406
0.100681066513062
0.100206017494202
0.100100994110107
0.100677013397217
0.100547909736633
0.100656032562256
0.0998029708862305
0.100887060165405
0.100780010223389
0.100193977355957
0.100384950637817
0.10045599937439
0.100258111953735
0.100281000137329
0.100685000419617
0.100851893424988
0.100239992141724
0.100086092948914
0.100479960441589
0.100882053375244
0.100138902664185
0.100866079330444
0.100175023078918
0.100495934486389
0.100476026535034
0.100659966468811
0.100342035293579
0.100422978401184
0.100749015808105
0.100430011749268
0.100085020065308
0.100506901741028
0.100470066070557
0.100811004638672
0.100430011749268
0.100629925727844
0.100042104721069
0.100733995437622
0.100487947463989
0.100777983665466
0.100303053855896
0.100404977798462
0.10035502910614
0.100444912910461
0.100670099258423
0.100017905235291
0.10015606880188
0.100364923477173
0.100612044334412
0.100721955299377
0.100025057792664
0.100675940513611
0.100480079650879
0.100443959236145
0.111338973045349
0.089542031288147
0.100461006164551
0.100438952445984
0.100475072860718
0.100742936134338
0.100211024284363
0.100669026374817
0.100507974624634
0.100301027297974
0.105386018753052
0.0954539775848389
0.100262045860291
0.100700974464416
0.100412011146545
0.100645899772644
0.10013210773468
0.100631952285767
0.100244998931885
0.100453972816467
0.103312015533447
0.0978209972381592
0.100308060646057
0.100625991821289
0.100265979766846
0.100744009017944
0.100209951400757
0.100532054901123
0.100348949432373
0.100697040557861
0.100445985794067
0.100389003753662
0.100338935852051
0.100527048110962
0.100357055664062
0.100828886032104
0.100016117095947
0.100596904754639
0.100484013557434
0.10042405128479
0.100337028503418
0.100612998008728
0.100482940673828
0.100492000579834
0.100108027458191
0.100948929786682
0.100221991539001
0.100598096847534
0.100462913513184
0.10007905960083
0.100404024124146
0.100602984428406
0.100572943687439
0.100429058074951
0.10027801990509
0.100762009620666
0.100640892982483
0.10010302066803
0.100429058074951
0.100337982177734
0.100533008575439
0.10044801235199
0.10040295124054
0.100375056266785
0.100616931915283
0.100391983985901
0.100677013397217
0.100231051445007
0.100464940071106
0.100643038749695
0.100276947021484
0.100616097450256
0.100377917289734
0.100520014762878
0.100483059883118
0.100389003753662
0.100648999214172
0.0997869968414307
0.10092294216156
0.100496053695679
0.100183963775635
0.100479960441589
0.100599050521851
0.100445032119751
0.100389957427979
0.100571036338806
0.100472927093506
0.100398063659668
0.100628018379211
0.0999319553375244
0.100857019424438
0.100489974021912
0.100471973419189
0.100398063659668
0.100441932678223
0.100601077079773
0.100612998008728
0.100247025489807
0.100441932678223
0.100522994995117
0.100767016410828
0.100409984588623
0.100496053695679
0.0999369621276856
0.100566029548645
0.100786924362183
0.100601077079773
0.100139975547791
0.100528955459595
0.100396990776062
0.100134015083313
0.100314021110535
0.100172996520996
0.100985050201416
0.100539922714233
0.099897027015686
0.101462960243225
0.100234031677246
0.100399017333984
0.100064039230347
0.100951910018921
0.100468039512634
0.100077986717224
0.100466012954712
0.100376009941101
0.100306987762451
0.100540995597839
0.100547075271606
0.100204944610596
0.100566029548645
0.100907921791077
0.100082039833069
0.100306034088135
0.100512981414795
0.100386023521423
0.100503921508789
0.100463032722473
0.100643992424011
0.10034704208374
0.100332021713257
0.101544976234436
0.0995789766311646
0.100260019302368
0.100437998771667
0.100816011428833
0.100412964820862
0.100568056106567
0.100705981254578
0.100186944007874
0.100364089012146
0.100525975227356
0.10038697719574
0.100419044494629
0.100502967834473
0.100126981735229
0.100528001785278
0.100479006767273
0.100602030754089
0.100153923034668
0.100497007369995
0.100574016571045
0.100582003593445
0.100383996963501
0.100602984428406
0.100476026535034
0.100357055664062
0.100191950798035
0.101022958755493
0.100151062011719
0.100497961044312
0.100589990615845
0.100062966346741
0.100660085678101
0.100513935089111
0.100324034690857
0.100569009780884
0.100584983825684
0.100196003913879
0.100371956825256
0.100760102272034
0.100417971611023
0.100314974784851
0.100522994995117
0.100412011146545
0.100230932235718
0.100349068641663
0.100672960281372
0.100584983825684
0.100188016891479
0.10034704208374
0.100643038749695
0.100368976593018
0.100093960762024
0.10090696811676
0.100308060646057
0.10049295425415
0.100378036499023
0.101148009300232
0.0998959541320801
0.100525975227356
0.100484013557434
0.100275039672852
0.100574016571045
0.100314021110535
0.100538015365601
0.100380897521973
0.100396037101746
0.100615978240967
0.100489020347595
0.10004997253418
0.100812077522278
0.100274920463562
0.100587010383606
0.100427031517029
0.100324988365173
0.100556969642639
0.100484013557434
0.10036301612854
0.100811004638672
0.100386023521423
0.100574970245361
0.10014796257019
0.100349068641663
0.100499033927917
0.100393891334534
0.100481033325195
0.100579977035522
0.100300073623657
0.100672960281372
0.105759024620056
0.0950599908828735
0.100244998931885
0.100693941116333
0.100357055664062
0.100466966629028
0.100421071052551
0.100515961647034
0.100376009941101
0.100859045982361
0.0998449325561523
0.100810050964355
0.100246906280518
0.100515007972717
0.100533008575439
0.100421071052551
0.100426912307739
0.10044002532959
0.100346088409424
0.100772976875305
0.100126981735229
0.100736021995544
0.100297927856445
0.100479006767273
0.100404977798462
0.100612998008728
0.100236058235168
0.100543975830078
0.100478053092957
0.100536942481995
0.100206971168518
0.100672006607056
0.100344061851501
0.100476026535034
0.100342988967896
0.100530982017517
0.100399971008301
0.100481033325195
0.10040295124054
0.100898027420044
0.0998990535736084
0.10067892074585
0.10040807723999
0.100428938865662
0.100353002548218
0.10062301158905
0.100464940071106
0.100412011146545
0.100419044494629
0.101094007492065
0.0996919870376587
0.100517988204956
0.100473999977112
0.100497961044312
0.10033905506134
0.100522041320801
0.100464940071106
0.100573062896729
0.10037100315094
0.100427985191345
0.100329995155334
0.100490927696228
0.100616097450256
0.100382924079895
0.100486040115356
0.100453019142151
0.10048496723175
0.100363969802856
0.100431084632874
0.100600957870483
0.100399971008301
0.100522994995117
0.0999079942703247
0.100921034812927
0.100412011146545
0.10050892829895
0.100450992584229
0.100504040718079
0.100250005722046
0.100556015968323
0.100532054901123
0.10033392906189
0.100533962249756
0.100428104400635
0.100328922271729
0.100556969642639
0.100473999977112
0.100435018539429
0.100529074668884
0.100355982780457
0.1005699634552
0.100332021713257
0.100522041320801
0.10045599937439
0.10037100315094
0.100501894950867
0.100544095039368
0.100399017333984
0.100371956825256
0.100378036499023
0.101395964622498
0.0998589992523193
0.0999850034713745
0.100775003433228
0.100417017936707
0.100480914115906
0.10033106803894
0.100657939910889
0.100269079208374
0.100432991981506
0.100770950317383
0.100304961204529
0.100417017936707
0.100381016731262
0.100453972816467
0.10056209564209
0.100486993789673