0.10049307346344
0.0976059436798096
0.0990430116653442
0.0991929769515991
0.0983999967575073
0.0991959571838379
0.0987300872802734
0.0988719463348389
0.0992059707641602
0.0993150472640991
0.100173950195312
0.0991100072860718
0.099141001701355
0.0992550849914551
0.0989459753036499
0.099524974822998
0.0987390279769897
0.0979329347610474
0.0997960567474365
0.0996990203857422
0.0992259979248047
0.0993469953536987
0.0990979671478271
0.0985419750213623
0.099824070930481
0.0988749265670776
0.108419060707092
0.088312029838562
0.0994240045547485
0.0992059707641602
0.100085973739624
0.0992629528045654
0.0993670225143433
0.0997359752655029
0.0978720188140869
0.0991179943084717
0.117578029632568
0.0796749591827393
0.0993490219116211
0.100453019142151
0.0990190505981445
0.0991779565811157
0.0992250442504883
0.0993529558181763
0.0988949537277222
0.0992980003356934
0.0986040830612183
0.0982249975204468
0.0992249250411987
0.099263072013855
0.100015997886658
0.0991309881210327
0.0993889570236206
0.0990550518035889
0.0991939306259155
0.0988690853118896
0.0988819599151611
0.0986080169677734
0.0988090038299561
0.0993349552154541
0.0994499921798706
0.0993610620498657
0.0995159149169922
0.0991179943084717
0.0987420082092285
0.0998671054840088
0.0990729331970215
0.0982300043106079
0.0985000133514404
0.0994360446929932
0.0994518995285034
0.0998110771179199
0.0991100072860718
0.0991590023040771
0.0994079113006592
0.0986430644989014
0.0996550321578979
0.0974599123001099
0.0992220640182495
0.0994399785995483
0.0996849536895752
0.0995850563049316
0.0991219282150269
0.0992211103439331
0.0991209745407104
0.098673939704895
0.0994950532913208
0.098552942276001
0.0983830690383911
0.0994449853897095
0.0990999937057495
0.100126028060913
0.0991579294204712
0.0990769863128662
0.099155068397522
0.0991660356521606
0.0985989570617676
0.0990369319915771
0.098473072052002
0.0991929769515991