0.0456050634384155
0.0952209234237671
0.0999140739440918
0.100283980369568
0.100328922271729
0.0996490716934204
0.100051045417786
0.0997389554977417
0.100062966346741
0.099714994430542
0.0997639894485474
0.0998820066452026
0.0999079942703247
0.0998390913009644
0.0999859571456909
0.0998449325561523
0.0999360084533691
0.0999341011047363
0.0997729301452637
0.0997849702835083
0.0999040603637695
0.0998779535293579
0.0996900796890259
0.100329995155334
0.09984290599823
0.100076079368591
0.0999389886856079
0.0999349355697632
0.0996090173721314
0.0999810695648193
0.100331902503967
0.0991870164871216
0.0997459888458252
0.0998700857162476
0.0998349189758301
0.100299000740051
0.0996960401535034
0.099890947341919
0.100130081176758
0.0999679565429688
0.0998179912567139
0.0997930765151978
0.099918007850647
0.0998998880386352
0.0997490882873535
0.100055932998657
0.0999060869216919
0.0998950004577637
0.0998319387435913
0.0999300479888916
0.100027918815613
0.0998409986495972
0.0995780229568481
0.100169062614441
0.099856972694397
0.099990963935852
0.0997090339660644
0.0999150276184082
0.100161910057068
0.0997990369796753
0.0997079610824585
0.0998131036758423
0.0997629165649414
0.100259065628052
0.0998629331588745
0.100126981735229
0.0994000434875488
0.100036978721619
0.100120067596436
0.0996479988098144
0.0999389886856079
0.0998039245605469
0.0999950170516968
0.0999240875244141
0.0997029542922974
0.100224018096924
0.0995819568634033
0.100162029266357
0.099835991859436
0.0998029708862305
0.099824070930481
0.0997920036315918
0.100015997886658
0.099868893623352
0.100272059440613
0.0996019840240478
0.0997569561004639
0.0999960899353027
0.100077986717224
0.0999809503555298
0.0995930433273315
0.0997940301895142
0.0998419523239136
0.0999890565872192
0.0998209714889526
0.0999629497528076
0.0998190641403198
0.099977970123291
0.0999460220336914
0.0998939275741577
0.0998680591583252
0.0997869968414307
0.100175023078918
0.0997949838638306
0.0997979640960693
0.0997999906539917
0.0999350547790527
0.100330948829651
0.0995650291442871
0.0999209880828857
0.0997259616851807
0.0998920202255249
0.100600004196167
0.0993330478668213
0.0997569561004639
0.0999339818954468
0.0999010801315308
0.0998979806900024
0.0999690294265747
0.0999178886413574
0.0997570753097534
0.0997610092163086
0.100142002105713
0.0999789237976074
0.0996290445327759
0.0999059677124023
0.0998530387878418
0.100080966949463
0.0998020172119141
0.100260972976685
0.0996710062026978
0.0998810529708862
0.0998289585113525
0.0998690128326416
0.0998799800872803
0.0996980667114258
0.0998029708862305
0.100348949432373
0.0996350049972534
0.100498080253601
0.0990729331970215
0.100118041038513
0.100101947784424
0.0996420383453369
0.0999020338058472
0.100124001502991
0.0998029708862305
0.0998289585113525
0.100038051605225
0.0996459722518921
0.0998239517211914
0.099992036819458
0.0999270677566528
0.0997709035873413
0.0998409986495972
0.0999979972839356
0.0999690294265747
0.0999419689178467
0.099837064743042
0.0998460054397583
0.0999429225921631
0.0998020172119141
0.0998799800872803
0.0999010801315308
0.0998289585113525
0.0997990369796753
0.100311040878296
0.0996708869934082
0.0999881029129028
0.0998619794845581
0.0994839668273926
0.0998929738998413
0.0997560024261475
0.100012063980103
0.10025691986084
0.0998930931091309
0.0999209880828857
0.0998939275741577
0.0998420715332031
0.0998939275741577
0.0999150276184082
0.0997740030288696
0.0998289585113525
0.100056052207947
0.139999985694885
0.0921540260314941
0.0846589803695679
0.0771980285644531
0.100147008895874
0.0998469591140747
0.105049014091492
0.0947860479354858
0.0995339155197144
0.100053071975708
0.0997560024261475
0.0999119281768799
0.101245999336243
0.098844051361084
0.0995420217514038
0.0999469757080078
0.099694013595581
0.100058913230896
0.0998780727386475
0.099871039390564
0.0999209880828857
0.0998809337615967
0.0999079942703247
0.0999820232391357
0.0997639894485474
0.0999050140380859
0.100460052490234
0.0993869304656982
0.0998320579528809
0.100205898284912
0.100020051002502
0.0998599529266357
0.0998930931091309
0.0998029708862305
0.09990394115448
0.0999031066894531
0.0998529195785522
0.0999569892883301
0.0997920036315918
0.100054979324341
0.0998181104660034
0.0998789072036743
0.0999020338058472
0.0998979806900024
0.0998209714889526
0.0999590158462524
0.099884033203125
0.0997780561447144
0.100017905235291
0.0998780727386475
0.0996859073638916
0.100125074386597
0.0998629331588745
0.0997030735015869
0.0998779535293579
0.0999159812927246
0.0998769998550415
0.0997520685195923
0.0998669862747192
0.099822998046875
0.0998890399932861
0.099916934967041
0.0998749732971191
0.0999339818954468
0.100062012672424
0.0997639894485474
0.0998280048370361
0.0999670028686523
0.099822998046875
0.100008010864258
0.0997660160064697
0.100094079971313
0.0998549461364746
0.0998419523239136
0.10011899471283
0.0998870134353638
0.100035071372986
0.0998899936676025
0.0998399257659912
0.0997869968414307
0.0999929904937744
0.0999820232391357
0.0998890399932861
0.099871039390564
0.0999029874801636
0.0999490022659302
0.100098013877869
0.0996459722518921
0.099929928779602
0.0998890399932861
0.0998680591583252
0.0999689102172852
0.0998430252075195
0.0998350381851196
0.0999000072479248
0.0998899936676025
0.099992036819458
0.0999059677124023
0.100090980529785
0.09968101978302
0.0998799800872803
0.099727988243103
0.10005795955658
0.0998880863189697
0.100099921226501
0.0997140407562256
0.0998539924621582
0.0998719930648804
0.0999560356140137
0.100001931190491
0.0996980667114258
0.0998309850692749
0.0998769998550415
0.0998769998550415
0.099916934967041
0.0999990701675415
0.0996439456939697
0.0999209880828857
0.0999500751495361
0.0999029874801636
0.0997580289840698
0.0997430086135864
0.100044012069702
0.0998399257659912
0.0998330116271973
0.0999000072479248
0.0999200344085693
0.100015997886658
0.0998209714889526
0.100031971931458
0.0997350215911865
0.0999100208282471
0.0998619794845581
0.0999360084533691
0.0999250411987305
0.0999319553375244
0.0999150276184082
0.0999529361724854
0.099824070930481
0.0999289751052856
0.100093960762024
0.0999959707260132
0.0998361110687256
0.0998959541320801
0.0998489856719971
0.0999400615692139
0.099950909614563
0.0998849868774414
0.099897027015686
0.0998899936676025
0.0999040603637695
0.0999059677124023
0.0998209714889526
0.0998389720916748
0.0999600887298584
0.0998989343643188
0.0999079942703247
0.0999389886856079
0.099835991859436
0.0999881029129028
0.100137948989868
0.0996439456939697
0.099539041519165
0.100213050842285
0.0999689102172852
0.100023031234741
0.0999020338058472
0.0997810363769531
0.100140929222107
0.0998140573501587
0.0996789932250977
0.0999059677124023
0.0997470617294312
0.0999239683151245
0.099882960319519
0.100023984909058
0.100022077560425
0.0994409322738648
0.0998810529708862
0.0998870134353638
0.0999449491500854
0.0999890565872192
0.0998198986053467
0.099824070930481
0.100000977516174
0.0997879505157471
0.0999600887298584
0.0998709201812744
0.0999280214309692
0.0999189615249634
0.099837064743042
0.0999139547348022
0.099932074546814
0.099890947341919
0.100084066390991
0.0999709367752075
0.100066065788269
0.0997329950332642
0.099963903427124
0.100099086761475
0.0996499061584473
0.0999820232391357
0.0998650789260864
0.100003004074097
0.0999979972839356
0.0999579429626465
0.099945068359375
0.0996819734573364
0.0999119281768799
0.099835991859436
0.0999240875244141
0.0999029874801636
0.0999499559402466
0.0998669862747192
0.0998600721359253
0.099761962890625
0.100044965744019
0.0998630523681641
0.099951982498169
0.0999399423599243
0.100008010864258
0.0996490716934204
0.0999870300292969
0.0998458862304688
0.0985100269317627
0.0999040603637695
0.100047945976257
0.138506054878235
0.100193023681641
0.104626893997192
0.0949310064315796
0.0997940301895142
0.10004198551178
0.100017070770264
0.0994799137115478
0.100285053253174