0.0894769430160522
0.102524995803833
0.0975359678268433
0.100665092468262
0.100550889968872
0.100610017776489
0.100153088569641
0.100689888000488
0.100516080856323
0.100739002227783
0.10037899017334
0.100487947463989
0.100306034088135
0.100353956222534
0.100748062133789
0.100504994392395
0.100677967071533
0.0999109745025635
0.100858092308044
0.100517988204956
0.100435018539429
0.100407004356384
0.100850939750671
0.0999979972839356
0.100636959075928
0.100437998771667
0.100295066833496
0.1005779504776
0.100834012031555
0.100358963012695
0.100323081016541
0.100449919700623
0.10063099861145
0.100113034248352
0.100725054740906
0.100101947784424
0.1234450340271
0.0781970024108887
0.10020899772644
0.100494980812073
0.100435018539429
0.100340962409973
0.100633978843689
0.100257992744446
0.100743055343628
0.100124001502991
0.100592970848084
0.100425004959106
0.100618004798889
0.100430965423584
0.100192070007324
0.100572943687439
0.100598096847534
0.100562930107117
0.100486993789673
0.100376009941101
0.100515007972717
0.10038697719574
0.100638031959534
0.100471019744873
0.100269913673401
0.10089111328125
0.100059986114502
0.101110935211182
0.10010302066803
0.100412964820862
0.100834012031555
0.0998020172119141
0.100519061088562
0.100745916366577
0.100727081298828
0.100376963615417
0.100790977478027
0.0999000072479248
0.100584983825684
0.100661039352417
0.100834012031555
0.0998409986495972
0.100541949272156
0.10050904750824
0.100247025489807
0.100655913352966
0.100681066513062
0.100594997406006
0.100247979164124
0.100455045700073
0.1004319190979
0.100762009620666
0.100265979766846
0.100430011749268
0.100530982017517
0.10052502155304
0.100419044494629
0.100453019142151
0.100762009620666
0.100198984146118
0.100158929824829
0.101155042648315
0.100219964981079
0.100247979164124
0.100190997123718
0.100418090820312
0.100836992263794
0.100502014160156
0.100539922714233
0.100257992744446
0.100689053535461
0.101020932197571
0.099945068359375
0.100507974624634
0.100419044494629
0.100513935089111
0.100548982620239
0.100226044654846
0.100173950195312
0.100428104400635
0.2012619972229
0.201344966888428
0.122785925865173
0.140711069107056
0.0526219606399536
0.086027979850769
0.10018002986908
0.100442051887512
0.100444912910461
0.100540995597839
0.100693106651306
0.10024893283844
0.100633025169373
0.1007080078125
0.091027021408081
0.100588917732239
0.102465033531189
0.100378036499023
0.0994750261306763
0.0994219779968262
0.100576996803284
0.100269913673401
0.100452065467834
0.100492000579834
0.10052502155304
0.100818991661072
0.100260019302368
0.100185990333557
0.100682020187378
0.100397944450378
0.100589036941528
0.100665926933289
0.100360989570618
0.100197076797485
0.100507020950317
0.100701928138733
0.100516080856323
0.100182890892029
0.1006680727005
0.100419998168945
0.100329995155334
0.100847959518433
0.100136995315552
0.100468039512634
0.100458979606628
0.100666999816895
0.100278973579407
0.100496053695679
0.100510001182556
0.100751996040344
0.100188970565796
0.101549029350281
0.099463939666748
0.100571990013123
0.100309014320374
0.100645065307617
0.100618958473206
0.100435018539429
0.100198030471802
0.10061502456665
0.100606918334961
0.100391983985901
0.100656986236572
0.100544095039368
0.100773930549622
0.100823998451233
0.100172996520996
0.100249052047729
0.100471019744873
0.100834012031555
0.100314974784851
0.100418925285339
0.100601077079773
0.100384950637817
0.100319981575012
0.100782990455627
0.100065112113953
0.100830912590027
0.100476980209351
0.100645065307617
0.100345015525818
0.100430965423584
0.100290060043335
0.100498914718628
0.100553035736084
0.10080099105835
0.100195050239563
0.100624918937683
0.100674033164978
0.0999469757080078
0.100542068481445
0.100379943847656
0.100880980491638
0.100944042205811
0.10048496723175
0.0995739698410034
0.104637026786804
0.0962389707565308
0.100519061088562
0.100518941879272
0.100401997566223
0.100549101829529
0.100682973861694
0.100237965583801
0.100919961929321
0.10006308555603
0.100466012954712
0.100546956062317
0.100522994995117
0.100422024726868
0.100562930107117
0.100406050682068
0.100487947463989
0.100804090499878
0.100197911262512
0.100569009780884
0.101523041725159
0.0997109413146973
0.100468993186951
0.100442051887512
0.100594997406006
0.10044002532959
0.100525975227356
0.100591063499451
0.100397944450378
0.101163983345032
0.0998619794845581
0.100512027740479
0.100259065628052
0.100819945335388
0.100522994995117
0.100231051445007
0.100667953491211
0.100510954856873
0.100583076477051
0.100206971168518
0.10035502910614
0.100546956062317
0.100774049758911
0.100578904151916
0.100304007530212
0.10050904750824
0.100427985191345
0.100867033004761
0.10046398639679
0.100355982780457
0.100790023803711
0.100266933441162
0.100630044937134
0.100229024887085
0.100770950317383
0.100005984306335
0.10073709487915
0.100731015205383
0.100234985351562
0.100543975830078
0.100350975990295
0.100744962692261
0.100189089775085
0.100317001342773
0.100544929504395
0.100461006164551
0.100515961647034
0.100853085517883
0.10067892074585
0.100185036659241
0.100502967834473
0.100149989128113
0.107203006744385
0.100887060165405
0.100561022758484
0.100226998329163
0.100203990936279
0.100958943367004
0.100376009941101
0.100417017936707
0.100447058677673
0.100350975990295
0.100576996803284
0.100574016571045
0.10030198097229
0.100664019584656
0.103141903877258
0.0981130599975586
0.0932940244674683
0.100268959999084
0.102076053619385
0.107335925102234
0.0921560525894165
0.100507020950317
0.100468993186951
0.100421905517578
0.100502014160156
0.100582003593445
0.100315093994141
0.100528001785278
0.100523948669434
0.100396037101746
0.100551009178162
0.1004319190979
0.100498080253601
0.100403904914856
0.1008460521698
0.100345015525818
0.100773930549622
0.10006308555603
0.101004958152771
0.100237011909485
0.100132942199707
0.100548028945923
0.100579023361206
0.101279973983765
0.0997580289840698
0.100538969039917
0.100287079811096
0.100751996040344
0.100232005119324
0.100528955459595
0.100507020950317
0.100945949554443
0.10029399394989
0.100543975830078
0.100794076919556
0.100157976150513
0.100656986236572
0.100420951843262
0.10061502456665
0.100373983383179
0.100259065628052
0.101027965545654
0.100067973136902
0.100347995758057
0.10057008266449
0.100561022758484
0.100441932678223
0.100813031196594
0.100559949874878
0.100682973861694
0.1006920337677
0.100075006484985
0.100370049476624
0.100796937942505
0.100520968437195
0.100518107414246
0.100084900856018
0.100742101669312
0.100289940834045
0.100708961486816
0.100375056266785
0.100515961647034
0.100659012794495
0.100502967834473
0.100504994392395
0.100158095359802
0.101076006889343
0.0998789072036743
0.100900053977966
0.100507020950317
0.0999659299850464
0.100895047187805
0.0998090505599976
0.100685000419617
0.100513935089111
0.100579023361206
0.100510954856873
0.100390076637268
0.100778937339783
0.100636005401611
0.0999710559844971
0.100510001182556
0.100398898124695
0.100621104240417
0.10085391998291
0.100139975547791
0.10034704208374
0.100699067115784
0.100353956222534
0.100427031517029
0.100849986076355
0.100189924240112
0.100457072257996
0.100695967674255
0.100695013999939
0.100247979164124
0.100514054298401
0.100412011146545
0.100531935691834
0.100551962852478
0.100409030914307
0.100414037704468
0.100520014762878
0.102309942245483
0.0990750789642334
0.100191950798035
0.100507020950317
0.100705027580261
0.100231885910034
0.100664019584656
0.100598096847534
0.100581884384155
0.100508093833923
0.10049295425415
0.10079300403595
0.100160002708435
0.100610017776489
0.100620985031128
0.100262045860291
0.100430011749268
0.100556969642639
0.100607991218567
0.100489974021912
0.100609064102173
0.100441932678223
0.100381016731262
0.100659012794495
0.101377010345459
0.0994179248809814
0.100655078887939
0.10051691532135
0.100495100021362
0.100427985191345
0.100533008575439
0.100452899932861
0.100649118423462
0.10025691986084
0.100993990898132
0.100081086158752
0.10067892074585
0.100430011749268
0.100538969039917
0.100522041320801
0.100378036499023
0.100450992584229
0.100641965866089
0.100806951522827
0.100197076797485
0.100443959236145
0.100219964981079
0.100775003433228
0.100482106208801
0.100406885147095
0.10063910484314
0.100483894348145
0.10052502155304
0.100323081016541
0.100831985473633
0.100067019462585
0.100409984588623
0.100548982620239
0.100513935089111
0.100414037704468
0.100453972816467
0.101198077201843
0.101081967353821
0.1005859375
0.100503087043762
0.100435972213745
0.100550055503845
0.101073980331421
0.0998779535293579
0.10060703754425
0.100883960723877
0.100175023078918
0.100404977798462
0.100795030593872
0.100234031677246
0.100365996360779
0.100611925125122
0.100486993789673
0.100426077842712
0.100560903549194
0.100604057312012
0.100520968437195
0.100633025169373
0.100474953651428
0.10029399394989
0.100450038909912
0.100576043128967
0.100708961486816
0.100288033485413
0.100389003753662
0.100551009178162
0.1007319688797
0.101117014884949
0.100337982177734
0.100134968757629
0.100872993469238
0.100335001945496
0.100802063941956
0.0999029874801636
0.10063099861145
0.100458025932312
0.100417971611023
0.100883007049561
0.1005939245224
0.100324034690857
0.100640058517456
0.100544929504395
0.100160002708435
0.100594997406006
0.100381970405579
0.100569009780884
0.100479006767273
0.100852012634277
0.100452065467834
0.100297927856445
0.100686073303223
0.100062966346741
0.101034998893738
0.100474953651428
0.100106000900269
0.100564002990723
0.100498080253601
0.100657939910889
0.100725054740906
0.100534915924072
0.100524067878723
0.100412964820862
0.100569009780884
0.10050904750824
0.100464940071106
0.100196003913879
0.100514054298401
0.100459933280945
0.100443005561829
0.100473046302795