0.100206017494202
0.0998550653457642
0.100023031234741
0.0999130010604858
0.0998148918151856
0.10007905960083
0.099916934967041
0.0997670888900757
0.0999770164489746
0.0997759103775024
0.0997589826583862
0.10000205039978
0.0998920202255249
0.0998139381408691
0.0999680757522583
0.101627945899963
0.0981969833374023
0.0997740030288696
0.100100994110107
0.0999040603637695
0.0998820066452026
0.0998510122299194
0.100147008895874
0.0998679399490356
0.0999079942703247
0.0999389886856079
0.0998380184173584
0.0997940301895142
0.100008964538574
0.0997390747070312
0.0999149084091186
0.0999990701675415
0.0999139547348022
0.0999810695648193
0.0999569892883301
0.0998189449310303
0.0999840497970581
0.10024893283844
0.0995460748672485
0.0996949672698975
0.100157976150513
0.100007057189941
0.0999130010604858
0.0995429754257202
0.100234985351562
0.0996519327163696
0.100139021873474
0.0997030735015869
0.0999900102615356
0.0999599695205688
0.099869966506958
0.100093007087708
0.0996099710464478
0.100028038024902
0.100752949714661
0.0991671085357666
0.0997669696807861
0.0999959707260132
0.0999640226364136
0.0997419357299805
0.10018002986908
0.0997140407562256
0.100024938583374
0.0997800827026367
0.100040912628174
0.099682092666626
0.099998950958252
0.100011944770813
0.0998390913009644
0.100142955780029
0.0995769500732422
0.099945068359375
0.0999369621276856
0.099835991859436
0.100126981735229
0.0998300313949585
0.10043203830719
0.0992690324783325
0.100142002105713
0.0996079444885254
0.100010991096497
0.0998940467834473
0.0998839139938354
0.100015044212341
0.100000023841858
0.0998350381851196
0.0998579263687134
0.0997970104217529
0.100075960159302
0.099763035774231
0.0998660326004028
0.100062966346741
0.100169062614441
0.099478006362915
0.100217938423157
0.0996350049972534
0.0999189615249634
0.100187063217163
0.0997920036315918
0.100023984909058