0.125213980674744
0.0742859840393066
0.10018002986908
0.0997059345245361
0.0996840000152588
0.0999870300292969
0.10011100769043
0.0999219417572022
0.0998800992965698
0.0999069213867188
0.102639079093933
0.0998529195785522
0.0999010801315308
0.0999479293823242
0.0998929738998413
0.0998930931091309
0.100115895271301
0.0996350049972534
0.0998830795288086
0.0999139547348022
0.0999300479888916
0.0995069742202759
0.100129961967468
0.0999540090560913
0.0998079776763916
0.0998090505599976
0.100132942199707
0.100032091140747
0.0996149778366089
0.0998629331588745
0.100014090538025
0.0997859239578247
0.0998750925064087
0.0998098850250244
0.0999730825424194
0.0998259782791138
0.0999089479446411
0.0998280048370361
0.0999799966812134
0.100020051002502
0.0995190143585205
0.100039958953857
0.0998010635375977
0.100291013717651
0.0995509624481201
0.0999740362167358
0.0999279022216797
0.100060105323792
0.0996619462966919
0.0999139547348022
0.0998650789260864
0.0999089479446411
0.0999209880828857
0.0995579957962036
0.100440979003906
0.0995171070098877
0.100011944770813
0.0997740030288696
0.0998799800872803
0.0999699831008911
0.0999250411987305
0.100062012672424
0.0999079942703247
0.0997229814529419
0.0997940301895142
0.0999059677124023
0.100093007087708
0.0995969772338867
0.0998280048370361
0.0999480485916138
0.100209951400757
0.0996719598770142
0.0998550653457642
0.100011944770813
0.0998730659484863
0.0999549627304077
0.0999339818954468
0.0998589992523193
0.100035071372986
0.0996009111404419
0.0998350381851196
0.0999280214309692
0.099871039390564
0.0997929573059082
0.0998779535293579
0.099958062171936
0.100154995918274
0.0996119976043701
0.0997819900512695
0.0998769998550415
0.101956963539124
0.097586989402771
0.0999029874801636
0.117164015769958
0.0827490091323852
0.100076079368591
0.0999609231948852
0.100229978561401
0.0995590686798096
0.0998460054397583
0.100023984909058
0.0999100208282471
0.0994930267333984
0.0998148918151856
0.100157022476196
0.0997070074081421
0.100143074989319
0.0998389720916748
0.0999130010604858
0.099571943283081
0.100059986114502
0.0996010303497314
0.0998109579086304
0.0999640226364136
0.100358009338379
0.0997680425643921
0.10020899772644
0.0996279716491699
0.0999630689620972
0.0999839305877686
0.0996130704879761
0.0999429225921631
0.0998259782791138
0.100218057632446
0.099727988243103
0.0998499393463135
0.0998170375823975
0.0997250080108643
0.10014796257019
0.099777102470398
0.0998328924179077
0.100332021713257
0.0995160341262817
0.101755023002625
0.0981279611587524
0.100121974945068
0.0996800661087036
0.0998079776763916
0.100095987319946
0.0995099544525146
0.100109100341797
0.0998399257659912
0.0999670028686523
0.0997350215911865
0.0998760461807251
0.0998619794845581
0.100306987762451
0.0995839834213257
0.0997920036315918
0.0999089479446411
0.100058078765869
0.0998669862747192
0.0998989343643188
0.0998491048812866
0.0999109745025635
0.0998959541320801
0.0997380018234253
0.0998220443725586
0.100116968154907
0.0996769666671753
0.101337075233459
0.098552942276001
0.0998339653015137
0.0999341011047363
0.099963903427124
0.0997730493545532
0.0999079942703247
0.0994189977645874
0.100021004676819
0.0997409820556641
0.0999000072479248
0.100478053092957
0.099774956703186
0.0998790264129639
0.099890947341919
0.0997800827026367
0.0998159646987915
0.0999050140380859
0.0998070240020752
0.100016951560974
0.0998430252075195
0.0999599695205688
0.100209951400757
0.0992680788040161
0.0970249176025391
0.123460054397583
0.0764540433883667
0.100162982940674
0.0998729467391968
0.0997240543365478
0.0996109247207642
0.100008010864258
0.0997639894485474
0.099897027015686
0.100036025047302
0.0997910499572754
0.0999969244003296
0.0999610424041748
0.0997250080108643
0.0998649597167969
0.0998760461807251
0.099931001663208
0.0997480154037476
0.0999948978424072
0.0997580289840698
0.10011100769043
0.0996860265731812
0.099931001663208
0.0999670028686523
0.0997920036315918
0.100154995918274
0.0996489524841309
0.100013017654419
0.0998170375823975
0.100000977516174
0.100177049636841
0.099890947341919
0.0996890068054199
0.100013971328735
0.099931001663208
0.0998320579528809
0.0999549627304077
0.099884033203125
0.0998469591140747
0.0998550653457642
0.0999839305877686
0.0999250411987305
0.0997339487075806
0.0998730659484863
0.100000977516174
0.0997350215911865
0.10004997253418
0.0999419689178467
0.100030064582825
0.0996890068054199
0.0998929738998413
0.0999059677124023
0.100291013717651
0.0995880365371704
0.099579930305481
0.099945068359375
0.0999919176101685
0.0997350215911865
0.0997999906539917
0.0997780561447144
0.0999590158462524
0.0998789072036743
0.0997730493545532
0.0999549627304077
0.100000977516174
0.0998530387878418
0.0999020338058472
0.099882960319519
0.0998960733413696
0.0998049974441528
0.099943995475769
0.100206971168518
0.0995639562606812
0.0998049974441528
0.0999469757080078
0.0998830795288086
0.0999679565429688
0.0999059677124023
0.0998740196228027
0.0999120473861694
0.100075006484985
0.0998380184173584
0.100005984306335
0.0998729467391968
0.0999010801315308
0.0999479293823242
0.0998660326004028
0.0999119281768799
0.099918007850647
0.10007905960083
0.099702000617981
0.0999590158462524
0.0998779535293579
0.0998470783233643
0.099984884262085
0.100051045417786
0.0996620655059814
0.0998789072036743
0.0999090671539307
0.0999670028686523
0.0998640060424805
0.099929928779602
0.0999280214309692
0.0995320081710815
0.10005795955658
0.0999660491943359
0.0995800495147705
0.0998659133911133
0.0998810529708862
0.0998579263687134
0.0999290943145752
0.0998849868774414
0.0998579263687134
0.100014090538025
0.0997589826583862
0.0999490022659302
0.100049018859863
0.0998939275741577
0.0998090505599976
0.100062012672424
0.0999419689178467
0.0996689796447754
0.0998420715332031
0.0998979806900024
0.0999119281768799
0.0998780727386475
0.0999609231948852
0.0998040437698364
0.0999070405960083
0.100097894668579
0.0998250246047974
0.100239992141724
0.0997769832611084
0.099979043006897
0.0999289751052856
0.0999070405960083
0.0999219417572022
0.0998420715332031
0.0999159812927246
0.0998280048370361
0.0999449491500854
0.0999870300292969
0.0998580455780029
0.0999239683151245
0.0998979806900024
0.0996570587158203
0.100121974945068
0.0998649597167969
0.0999330282211304
0.0999300479888916
0.0998189449310303
0.100046038627625
0.099943995475769
0.0997509956359863
0.0999749898910522
0.0998619794845581
0.0994850397109985
0.100078940391541
0.0999780893325806
0.0995569229125977
0.0999140739440918
0.099835991859436
0.100054979324341
0.0998319387435913
0.0998390913009644
0.099835991859436
0.100178956985474
0.0996830463409424
0.0998799800872803
0.0999389886856079
0.0998419523239136
0.0999230146408081
0.0998630523681641
0.0999549627304077
0.0997990369796753
0.0999929904937744
0.0999069213867188
0.0999240875244141
0.100127935409546
0.0996410846710205
0.0998449325561523
0.100075960159302
0.0998530387878418
0.0999339818954468
0.0999400615692139
0.0999389886856079
0.100132942199707
0.0998510122299194
0.0999360084533691
0.0998350381851196
0.0999249219894409
0.099932074546814
0.0998380184173584
0.100134968757629
0.0996880531311035
0.0998739004135132
0.0998600721359253
0.0999670028686523
0.0999619960784912
0.0998589992523193
0.0999150276184082
0.0999559164047241
0.0998669862747192
0.0998910665512085
0.0996659994125366
0.10009503364563
0.0999239683151245
0.0999150276184082
0.0998879671096802
0.0999269485473633
0.0998780727386475
0.100050926208496
0.0998380184173584
0.099835991859436
0.099990963935852
0.0998170375823975
0.0999029874801636
0.099647045135498
0.100114941596985
0.0997040271759033
0.0999220609664917
0.0997599363327026
0.0998580455780029
0.100036978721619
0.0997159481048584
0.099931001663208
0.100054025650024
0.099702000617981
0.100107073783875
0.0997859239578247
0.0999970436096191
0.0997339487075806
0.100178003311157
0.0996370315551758
0.0999000072479248
0.099979043006897
0.0998779535293579
0.0999219417572022
0.0997980833053589
0.100031018257141
0.0997740030288696
0.099990963935852
0.100129961967468
0.100030064582825
0.0998519659042358
0.0999189615249634
0.0999630689620972
0.0999529361724854
0.0998090505599976
0.0999019145965576
0.100364089012146
0.0994609594345093
0.09996497631073
0.0998380184173584
0.0997979640960693
0.100215077400208
0.0996659994125366
0.0999850034713745
0.0997779369354248
0.099837064743042
0.100144982337952
0.0998179912567139
0.100031018257141
0.0997259616851807
0.0997830629348755
0.0999768972396851
0.0999090671539307
0.0998619794845581
0.0999670028686523
0.0997979640960693
0.0999290943145752
0.0997899770736694
0.099748969078064
0.100003004074097
0.0996869802474976
0.099897027015686
0.100047945976257
0.0997329950332642
0.0999380350112915
0.0998649597167969
0.0999460220336914
0.0998430252075195
0.0999619960784912
0.0999230146408081
0.0998499393463135
0.099932074546814
0.100072026252747
0.0999209880828857
0.0997399091720581
0.0999070405960083
0.0998820066452026
0.0999950170516968
0.0998779535293579
0.0998270511627197
0.0999479293823242
0.100073099136353
0.10004997253418
0.0997979640960693
0.100074052810669
0.100005984306335
0.0998489856719971
0.0998300313949585
0.0999889373779297
0.0998209714889526
0.0999621152877808
0.0998458862304688
0.0999680757522583
0.0998339653015137
0.0999710559844971
0.0998899936676025
0.0999000072479248
0.0999419689178467
0.099951982498169
0.0998899936676025
0.0998660326004028
0.0997419357299805
0.100057005882263
0.0998320579528809
0.100160002708435
0.0997419357299805
0.0999400615692139
0.099666953086853
0.100009083747864
0.100028991699219
0.100011944770813
0.099539041519165
0.0996419191360474
0.0999079942703247
0.0999619960784912
0.0999140739440918
0.0998729467391968
0.099897027015686
0.0999530553817749
0.0998479127883911
0.099945068359375
0.0998920202255249
0.100153923034668
0.0996609926223755
0.0998849868774414
0.0999391078948975
0.0999189615249634
0.0998460054397583
0.099884033203125
0.0999559164047241
0.0998849868774414
0.099958062171936
0.0998939275741577
0.0999280214309692
0.100159049034119
0.0995110273361206
0.100000977516174
0.0999549627304077
0.100124955177307
0.0997130870819092
0.0998469591140747
0.0999720096588135
0.099748969078064
0.0999420881271362
0.0999599695205688
0.0999360084533691
0.100121974945068
0.100188016891479
0.0998480319976807
0.100173950195312
0.0995240211486816
0.099937915802002
0.0999130010604858
0.099850058555603
0.0999050140380859
0.0999510288238525
0.0999369621276856
0.0998250246047974
0.100027918815613
0.0997689962387085
0.0999370813369751
0.0998740196228027
0.0998629331588745
0.0999410152435303
0.0999209880828857
0.099977970123291
0.0998460054397583
0.0999350547790527
0.0998779535293579
0.0998830795288086
0.0998859405517578
0.0999560356140137
0.0999199151992798
0.0998780727386475
0.0999330282211304
0.099890947341919
0.10009503364563
0.0996869802474976
0.0999330282211304
0.0999119281768799
0.0998860597610474
0.0999929904937744
0.0997519493103027
0.100091099739075
0.0998859405517578
0.099545955657959
0.100027084350586
0.100037932395935
0.0998350381851196
0.0996389389038086
0.0998690128326416
0.100196003913879
0.0996460914611816
0.0999768972396851
0.0998150110244751
0.0999590158462524
0.0998560190200806
0.0999840497970581
0.099808931350708
0.100136041641235
0.0996929407119751
0.0999770164489746
0.100129008293152
0.099727988243103
0.0997539758682251
0.100061058998108
0.0997560024261475
0.100059032440186
0.0998799800872803
0.100088953971863
0.0996530055999756
0.100324034690857
0.099897027015686
0.0999799966812134
0.0998879671096802
0.0999120473861694
0.0998989343643188
0.0998879671096802
0.0999240875244141
0.0998640060424805
0.100027918815613
0.0998650789260864
0.0998579263687134
0.099943995475769
0.0998899936676025
0.100085020065308
0.0995579957962036
0.100129008293152
0.0998730659484863
0.0998899936676025
0.0999109745025635
0.0998950004577637
0.0999219417572022
0.099932074546814
0.0998179912567139
0.0999319553375244
0.0999610424041748
0.10004198551178
0.0996789932250977
0.0999629497528076
0.0998930931091309
0.0997219085693359
0.1023850440979
0.099916934967041
0.167373061180115
0.0998430252075195
0.0999709367752075
0.100275993347168
0.0996379852294922
0.100114107131958
0.099632978439331
0.100000977516174
