0.0996489524841309
0.100183963775635
0.100386023521423
0.0998920202255249
0.1007399559021
0.10043203830719
0.100116014480591
0.100124955177307
0.101004004478455
0.0979000329971313
0.0995420217514038
0.100443959236145
0.0999950170516968
0.100034952163696
0.100150108337402
0.100419998168945
0.100744962692261
0.0999189615249634
0.100121021270752
0.100322008132935
0.0983699560165405
0.100751042366028
0.0994609594345093
0.100220084190369
0.100198984146118
0.0999770164489746
0.100064992904663
0.101037979125977
0.0999740362167358
0.099916934967041
0.0988709926605225
0.100360989570618
0.100100040435791
0.100536942481995
0.0999690294265747
0.099748969078064
0.101109027862549
0.100458979606628
0.0989930629730225
0.100515007972717
0.0994910001754761
0.0993789434432983
0.100023984909058
0.100377082824707
0.100328922271729
0.0999780893325806
0.100284934043884
0.0996609926223755
0.0998159646987915
0.100378036499023
0.0992599725723267
0.099634051322937
0.100598931312561
0.100573062896729
0.0996420383453369
0.100749969482422
0.100077986717224
0.0998760461807251
0.099882960319519
0.0998690128326416
0.0995199680328369
0.10033106803894
0.100266933441162
0.100021004676819
0.100398063659668
0.100842952728271
0.0999259948730469
0.0996569395065308
0.0995761156082153
0.101376891136169
0.0979360342025757
0.1007319688797
0.100003004074097
0.0997120141983032
0.100067019462585
0.100126981735229
0.100566983222961
0.0998760461807251
0.100257992744446
0.0998389720916748
0.0995420217514038
0.100617051124573
0.100286960601807
0.100047945976257
0.0994729995727539
0.101416110992432
0.0989419221878052
0.101209998130798
0.0999990701675415
0.0997369289398193
0.0987299680709839
0.0999990701675415
0.100674033164978
0.100366950035095
0.099992036819458
0.100036025047302
0.100501894950867
0.100099086761475
0.100160956382751
0.0989290475845337