0.0992159843444824
0.0994729995727539
0.0994889736175537
0.0995670557022095
0.0993219614028931
0.0995080471038818
0.099416971206665
0.0994800329208374
0.0994659662246704
0.0994139909744263
0.0994390249252319
0.0995099544525146
0.0994470119476318
0.0995750427246094
0.0992389917373657
0.0994360446929932
0.0996350049972534
0.0992339849472046
0.099573016166687
0.0993789434432983
0.0993989706039429
0.0994760990142822
0.099593997001648
0.0994709730148315
0.099355936050415
0.0992929935455322
0.0994390249252319
0.0994900465011597
0.0993959903717041
0.0997380018234253
0.0994349718093872
0.0994820594787598
0.0995858907699585
0.099357008934021
0.0993900299072266
0.0991580486297607
0.0995010137557983
0.0994139909744263
0.0994489192962646
0.0993911027908325
0.0994418859481812
0.0994840860366821
0.0994759798049927
0.0993239879608154
0.0995709896087646
0.0993139743804932
0.0995430946350098
0.099450945854187
0.0994390249252319
0.0993750095367432
0.099510908126831
0.0993050336837769
0.0995280742645264
0.099437952041626
0.0994440317153931
0.0994529724121094
0.0995010137557983
0.0998820066452026
0.0989170074462891
0.0995039939880371
0.0996569395065308
0.099932074546814
0.0990029573440552
0.0993950366973877
0.0999540090560913
0.0991319417953491
0.0990430116653442
0.0999419689178467
0.0989500284194946
0.0992929935455322
0.0996600389480591
0.0992759466171265
0.0996090173721314
0.0993139743804932
0.0995560884475708
0.0993629693984985
0.0995789766311646
0.0992909669876099
0.0994139909744263
0.099498987197876
0.0993940830230713
0.0995010137557983
0.0994099378585815
0.0993750095367432
0.0999610424041748
0.0990649461746216
0.0997669696807861
0.0990200042724609
0.0994580984115601
0.0994459390640259
0.0994349718093872
0.0994290113449097
0.0994980335235596
0.0996739864349365
0.0994609594345093
0.0994850397109985
0.0994019508361816
0.0992670059204102
0.0996381044387817
0.0991519689559936