0.100076079368591
0.100517988204956
0.100149989128113
0.100751996040344
0.100795984268188
0.100134968757629
0.100661993026733
0.100129008293152
0.1006760597229
0.100685000419617
0.10037100315094
0.100448966026306
0.100435018539429
0.10064697265625
0.100151062011719
0.100857973098755
0.100136995315552
0.100476980209351
0.100478053092957
0.100407004356384
0.1004319190979
0.100452065467834
0.100551962852478
0.100654006004334
0.100247025489807
0.100996017456055
0.0996279716491699
0.1007159948349
0.100497007369995
0.100551962852478
0.100347995758057
0.10045599937439
0.108590006828308
0.092399001121521
0.10014796257019
0.100426077842712
0.1004319190979
0.100267052650452
0.100911021232605
0.100528001785278
0.100335955619812
0.100430965423584
0.102542042732239
0.0987410545349121
0.100018978118896
0.100463032722473
0.100493907928467
0.100440979003906
0.100810050964355
0.100548028945923
0.100401997566223
0.100369930267334
0.100446105003357
0.100570917129517
0.100401043891907
0.100471019744873
0.100405931472778
0.100389003753662
0.100480079650879
0.100202918052673
0.100769996643066
0.100382089614868
0.100497961044312
0.10044801235199
0.100471973419189
0.100335955619812
0.101056098937988
0.0999549627304077
0.100410938262939
0.10048508644104
0.100462913513184
0.100516080856323
0.100397944450378
0.100425004959106
0.100439071655273
0.100529909133911
0.100656986236572
0.100163102149963
0.100373983383179
0.100578904151916
0.100452065467834
0.100443959236145
0.10058605670929
0.100227952003479
0.100066065788269
0.100713014602661
0.100967884063721
0.0998530387878418
0.100558996200562
0.100677967071533
0.100322008132935
0.100134015083313
0.100528001785278
0.100453019142151
0.100564002990723
0.10049295425415
0.1008460521698
0.100000977516174
0.10044801235199
0.100403070449829
0.100506901741028
0.0999490022659302
0.100996017456055
0.100337028503418
0.100497961044312
0.100396037101746
0.101140975952148
0.0997589826583862
0.100472092628479
0.100468993186951
0.100425958633423
0.100461006164551
0.100472927093506
0.100425004959106
0.10048508644104
0.100453972816467
0.100455045700073
0.100529909133911
0.100351095199585
0.100442886352539
0.10045599937439
0.100450038909912
0.100622057914734
0.1025710105896
0.0981409549713135
0.100558996200562
0.100571990013123
0.100610971450806
0.100304007530212
0.100229978561401
0.100385069847107
0.100587010383606
0.100594997406006
0.10027003288269
0.100339889526367
0.304465055465698
0.304555058479309
0.000293970108032227
0.0968279838562012
0.100444078445435
0.129855990409851
0.0833829641342163
0.0885909795761108
0.100569009780884
0.100342988967896
0.100600004196167
0.100465059280396
0.100605010986328
0.10037100315094
0.10037100315094
0.100660920143127
0.100020051002502
0.100399017333984
0.100299954414368
0.100551009178162
0.100471019744873
0.100257992744446
0.101022005081177
0.100096940994263
0.100077986717224
0.100521087646484
0.100583910942078
0.100666046142578
0.100399971008301
0.100447058677673
0.100392937660217
0.1006760597229
0.100679039955139
0.10020899772644
0.100475907325745
0.100435018539429
0.100349068641663
0.100675940513611
0.100214004516602
0.100751042366028
0.100618958473206
0.100425958633423
0.100434064865112
0.100239038467407
0.10018789768219
0.100425004959106
0.100660085678101
0.100546956062317
0.100319027900696
0.100401997566223
0.100916028022766
0.100065946578979
0.10076904296875
0.100201964378357
0.100345969200134
0.100453972816467
0.100468039512634
0.100612998008728
0.100108981132507
0.100640058517456
0.100494980812073
0.10037899017334
0.100453972816467
0.100512981414795
0.100634098052979
0.100489974021912
0.100464940071106
0.100507974624634
0.100127100944519
0.100452899932861
0.100557088851929
0.100361943244934
0.100563049316406
0.100389957427979
0.100429058074951
0.100603938102722
0.100319027900696
0.100487947463989
0.100310087203979
0.100444912910461
0.100495100021362
0.100701928138733
0.100264072418213
0.100539922714233
0.100280046463013
0.100499033927917
0.100727915763855
0.100723028182983
0.100043058395386
0.100445985794067
0.100579977035522
0.100502967834473
0.100062966346741
0.100540995597839
0.10033106803894
0.100706934928894
0.100369095802307
0.100709915161133
0.099951982498169
0.10049307346344
0.100616931915283
0.100370049476624
0.100496053695679
0.100822925567627
0.100057005882263
0.100579023361206
0.100412964820862
0.100473999977112
0.100319027900696
0.100461959838867
0.100512027740479
0.100363969802856
0.100515007972717
0.100757002830505
0.100041031837463
0.100705027580261
0.107358932495117
0.0936440229415894
0.100069046020508
0.100511908531189
0.100595116615295
0.100330948829651
0.10044801235199
0.10064697265625
0.100425958633423
0.10057806968689
0.102246999740601
0.0985280275344849
0.100258946418762
0.100476026535034
0.1007080078125
0.100242972373962
0.100327014923096
0.101258993148804
0.0998409986495972
0.10024893283844
0.100377082824707
0.100723028182983
0.100361943244934
0.100473046302795
0.100507974624634
0.100237011909485
0.1005699634552
0.100517988204956
0.100522994995117
0.100409030914307
0.100154995918274
0.100507020950317
0.10027003288269
0.100972890853882
0.100391030311584
0.10033905506134
0.100473999977112
0.10046398639679
0.100520968437195
0.100342988967896
0.100378036499023
0.100626945495605
0.100399017333984
0.100359082221985
0.100391983985901
0.100631952285767
0.100404024124146
0.100340962409973
0.100650072097778
0.100351929664612
0.100329041481018
0.100576996803284
0.100417971611023
0.10033106803894
0.100374937057495
0.100396990776062
0.100811958312988
0.100318074226379
0.100685000419617
0.100324988365173
0.10029399394989
0.100427985191345
0.100504040718079
0.100462913513184
0.100573062896729
0.100376009941101
0.100430011749268
0.100679993629456
0.100324988365173
0.100437998771667
0.100216031074524
0.1007479429245
0.100403070449829
0.100399971008301
0.100412011146545
0.100430011749268
0.100541949272156
0.100304007530212
0.100811958312988
0.100161075592041
0.100443005561829
0.100418925285339
0.100592017173767
0.10037100315094
0.100689053535461
0.100407004356384
0.100526928901672
0.100447058677673
0.100883960723877
0.100077033042908
0.10066294670105
0.100197076797485
0.100483894348145
0.100463032722473
0.10001003742218
0.100567936897278
0.100532054901123
0.100361943244934
0.101182103157043
0.0998280048370361
0.100557923316956
0.100226998329163
0.100388050079346
0.100454926490784
0.100815057754517
0.100121974945068
0.100473046302795
0.100466966629028
0.100435018539429
0.101009011268616
0.100428938865662
0.100149989128113
0.100571036338806
0.100080013275146
0.100499987602234
0.100466966629028
0.100319981575012
0.100534081459045
0.100445985794067
0.100620985031128
0.100576996803284
0.100268006324768
0.100358963012695
0.100511074066162
0.100621938705444
0.100781083106995
0.100281000137329
0.0999599695205688
0.100531935691834
0.100939035415649
0.100512981414795
0.100237965583801
0.100486040115356
0.10044002532959
0.100530982017517
0.100262045860291
0.100552916526794
0.100445032119751
0.100385069847107
0.100685000419617
0.100517988204956
0.100197911262512
0.100216031074524
0.100713014602661
0.100520968437195
0.100113034248352
0.100409984588623
0.10038697719574
0.100758075714111
0.100624918937683
0.100461006164551
0.100326061248779
0.100430965423584
0.100496053695679
0.100444912910461
0.10037899017334
0.100497007369995
0.100463032722473
0.100473046302795
0.100621938705444
0.100481033325195
0.100237965583801
0.100452065467834
0.100484013557434
0.100716948509216
0.100289940834045
0.100706100463867
0.100157976150513
0.10022497177124
0.100921034812927
0.100322008132935
0.100184917449951
0.100617051124573
0.100355982780457
0.100540995597839
0.100425004959106
0.100437998771667
0.100378036499023
0.100464940071106
0.100936055183411
0.100211977958679
0.10022497177124
0.100084066390991
0.100787997245789
0.100131988525391
0.100535035133362
0.100379943847656
0.100736021995544
0.100486993789673
0.10043203830719
0.10030198097229
0.100589990615845
0.100552916526794
0.100326061248779
0.100391983985901
0.100502014160156
0.100497007369995
0.100435018539429
0.100401997566223
0.100566983222961
0.100548028945923
0.100246906280518
0.10052502155304
0.100511074066162
0.100101947784424
0.100453019142151
0.100486040115356
0.100344896316528
0.100520014762878
0.100750088691711
0.100530982017517
0.100322008132935
0.100461006164551
0.100510001182556
0.100410938262939
0.100412011146545
0.100471973419189
0.100463032722473
0.100324034690857
0.110002994537354
0.0906869173049927
0.100807070732117
0.100574016571045
0.100413918495178
0.100458025932312
0.100311994552612
0.100503087043762
0.100410938262939
0.100528001785278
0.104753971099854
0.0964770317077637
0.100152969360352
0.100449085235596
0.100129961967468
0.100234985351562
0.100425958633423
0.10064709186554
0.100335001945496
0.10052490234375
0.100310087203979
0.100762963294983
0.100358963012695
0.100476980209351
0.100399017333984
0.100352048873901
0.100952982902527
0.100335001945496
0.100518941879272
0.100552082061768
0.100088953971863
0.100612998008728
0.10011100769043
0.100412964820862
0.100571036338806
0.100419998168945
0.100556969642639
0.100323081016541
0.100531935691834
0.100465059280396
0.100167989730835
0.10099196434021
0.10027801990509
0.100303053855896
0.100504994392395
0.10036289691925
0.100491046905518
0.100389003753662
0.100517988204956
0.100470066070557
0.100436925888062
0.100432991981506
0.100625038146973
0.100276947021484
0.100328087806702
0.100647926330566
0.100287079811096
0.100549936294556
0.100414037704468
0.100502014160156
0.100410938262939
0.100522994995117
0.100579023361206
0.100170969963074
0.100489974021912
0.100496053695679
0.100489974021912
0.100497007369995
0.100383043289185
0.100463032722473
0.100486993789673
0.100525975227356
0.100600957870483
0.100116014480591
0.100564956665039
0.10040807723999
0.100471019744873
0.100367903709412
0.10049307346344
0.100490927696228
0.10040807723999
0.100451946258545
0.100620985031128
0.100316047668457
0.100459933280945
0.100388050079346
0.100506067276001
0.100480914115906
0.100409030914307
0.100497007369995
0.100646018981934
0.10020899772644
0.100698947906494
0.100252032279968
0.100466012954712
0.100435018539429
0.100414991378784
0.10044002532959
0.100460886955261
0.10051703453064
0.100589036941528
0.100275993347168
0.100811004638672
0.0999690294265747
0.100587964057922
0.100389003753662
0.100528001785278
0.100266933441162
0.100487112998962
0.100497961044312
0.1006920337677
0.100366950035095
0.100803971290588
0.100133061408997
0.100772023200989
0.100214958190918
0.100329041481018
0.100298881530762
0.100478053092957
0.100468039512634
0.100600957870483
0.100293040275574
0.100697994232178
0.100387930870056
0.100210070610046
0.100412964820862
0.100553035736084
0.100401997566223
0.100520014762878
0.100451946258545
0.100654006004334
0.100219011306763
0.100438952445984
0.100555062294006
0.100381970405579
0.100525975227356
0.100324034690857
0.100496053695679
0.10050094127655
0.100394010543823
0.100564002990723
0.100320935249329
0.100423097610474
0.100703001022339
0.100302934646606
0.100499033927917
0.100316047668457
0.100422978401184
0.100558996200562
0.100636005401611
0.100404977798462
0.100206971168518
0.100393056869507
0.100698947906494
0.100494980812073
0.100274085998535
0.10068690776825
0.100244998931885
0.100404977798462
0.100565075874329
0.100515961647034
0.100291013717651
0.100048065185547
0.101078987121582
0.100223898887634
0.100516080856323
0.100418925285339
0.100406050682068
0.100412964820862
0.10050904750824
0.100244045257568
0.100656986236572
0.100417971611023
0.100728988647461
0.10018002986908
0.100659012794495
0.100227952003479
0.100514054298401
0.100528955459595
0.100381016731262
0.100646018981934
0.100161910057068
0.100545048713684
0.100661039352417
0.100288987159729
0.100551962852478
0.100245952606201
0.100508093833923
0.100484013557434
0.100367903709412
0.100666999816895
0.10020899772644
0.100515007972717
0.100885987281799
0.100069999694824
0.10044801235199
0.100354075431824
0.10046398639679
0.10064697265625
0.100262045860291
0.100695967674255
0.100253939628601
0.100399017333984
0.100787997245789
0.100466012954712
0.100110054016113
0.100504994392395
0.100376009941101
0.100412964820862
0.100520014762878
0.10063099861145
0.100265979766846
0.100427985191345
0.100476980209351
0.100733995437622
0.100273013114929
0.100418090820312
0.100403904914856
0.100373029708862
0.100514054298401
0.10064697265625
0.100224018096924
0.100461959838867
0.100579977035522
0.100600004196167
0.10017204284668
0.100473999977112
0.100446939468384
0.100571036338806
0.107303977012634
0.0936499834060669
0.100249052047729
0.100428938865662
0.100576996803284
0.100626111030579
0.100101947784424
0.100471019744873
0.10052502155304
0.100644946098328
0.102342009544373
0.0984660387039185
0.100156903266907
0.10062301158905
0.100437998771667
0.100782990455627
0.100168108940125
0.100413918495178
0.100471973419189
0.100599050521851