0.114404916763306
0.10432505607605
0.114633917808533
0.0659230947494507
0.099810004234314
0.0998169183731079
0.0999600887298584
0.100115895271301
0.0998049974441528
0.0998740196228027
0.0999640226364136
0.0998190641403198
0.0998419523239136
0.100056052207947
0.0998919010162354
0.0998790264129639
0.0998929738998413
0.0998899936676025
0.0998790264129639
0.0998719930648804
0.099539041519165
0.0998309850692749
0.100633978843689
0.112495064735413
0.0868699550628662
0.0996580123901367
0.0999150276184082
0.0999490022659302
0.09990394115448
0.100161075592041
0.0994958877563477
0.100174069404602
0.0999560356140137
0.101433992385864
0.0995639562606812
0.100090026855469
0.0997869968414307
0.100015997886658
0.0998610258102417
0.100367903709412
0.099776029586792
0.0997530221939087
0.0997970104217529
0.0997239351272583
0.100043058395386
0.100052952766418
0.0997560024261475
0.0999070405960083
0.0998630523681641
0.100093007087708
0.0996519327163696
0.0999289751052856
0.0999140739440918
0.0998129844665527
0.0998859405517578
0.0999150276184082
0.0999220609664917
0.10024893283844
0.0994930267333984
0.0998409986495972
0.0998549461364746
0.100151062011719
0.09968101978302
0.0998809337615967
0.0999250411987305
0.100162982940674
0.0996429920196533
0.100046992301941
0.0997769832611084
0.0998220443725586
0.0999189615249634
0.0998470783233643
0.0998378992080688
0.0998560190200806
0.0997270345687866
0.100106954574585
0.0997720956802368
0.0999259948730469
0.100021958351135
0.099822998046875
0.0996700525283814
0.100174903869629
0.0996890068054199
0.100154995918274
0.0998760461807251
0.0998679399490356
0.0996090173721314
0.0998870134353638
0.100110054016113
0.0998589992523193
0.0998820066452026
0.099931001663208
0.0997709035873413
0.100022077560425
0.0997679233551025
0.0999881029129028
0.0998969078063965
0.0998270511627197
0.0999230146408081
0.099977970123291
0.0997869968414307
0.0999050140380859
0.0998109579086304
0.0999879837036133
0.099885106086731
0.0999209880828857
0.0998759269714356
0.0999020338058472
0.0998920202255249
0.100108027458191
0.0996249914169312
0.0997920036315918
0.0999629497528076
0.0998669862747192
0.0998650789260864
0.099929928779602
0.0997899770736694
0.10007107257843
0.0996109247207642
0.100180983543396
0.099661111831665
0.0998239517211914
0.0998109579086304
0.0997380018234253
0.0999810695648193
0.10010302066803
0.100134968757629
0.10010302066803
0.0996919870376587
0.0997899770736694
0.0998239517211914
0.100146055221558
0.0995789766311646
0.0999660491943359
0.0998589992523193
0.0999459028244019
0.100041031837463
0.0997190475463867
0.0998300313949585
0.0998669862747192
0.10017192363739
0.0997030735015869
0.0997339487075806
0.100059986114502
0.0998179912567139
0.0999060869216919
0.0997949838638306
0.0995519161224365
0.140568017959595
0.097885012626648
0.0683419704437256
0.0915670394897461
0.106886029243469
0.0961209535598755
0.0962480306625366
0.100787043571472
0.0992588996887207
0.0998560190200806
0.0996540784835815
0.099963903427124
0.0998280048370361
0.100045084953308
0.0997250080108643
0.0999759435653686
0.0998510122299194
0.0998589992523193
0.100093960762024
0.0996609926223755
0.100005984306335
0.099810004234314
0.0999040603637695
0.0998859405517578
0.0999820232391357
0.0997830629348755
0.100127935409546
0.0996609926223755
0.0998120307922363
0.099998950958252
0.0998420715332031
0.100077033042908
0.0997269153594971
0.0998830795288086
0.0998820066452026
0.100045919418335
0.0997049808502197
0.0998910665512085
0.0999200344085693
0.0998889207839966
0.0999070405960083
0.0999029874801636
0.099977970123291
0.0997580289840698
0.0999410152435303
0.099869966506958
0.0999360084533691
0.0998740196228027
0.0999219417572022
0.0998740196228027
0.099897027015686
0.0998480319976807
0.0999319553375244
0.0999000072479248
0.0999859571456909
0.0997951030731201
0.099795937538147
0.0999900102615356
0.100015044212341
0.0997829437255859
0.0998580455780029
0.0999029874801636
0.099929928779602
0.0998950004577637
0.0999230146408081
0.0998870134353638
0.0998820066452026
0.10011100769043
0.099647045135498
0.0999119281768799
0.0999290943145752
0.0997889041900635
0.0999979972839356
0.0998620986938477
0.0999529361724854
0.100407958030701
0.0992341041564941
0.10002589225769
0.0999220609664917
0.0998489856719971
0.0998729467391968
0.099816083908081
0.100093007087708
0.0997430086135864
0.099918007850647
0.100073933601379
0.0996700525283814
0.100006937980652
0.100149035453796
0.0995930433273315
0.0998709201812744
0.0998060703277588
0.100066900253296
0.0997231006622314
0.0999619960784912
0.0998959541320801
0.0999239683151245
0.0998680591583252
0.0999360084533691
0.0998250246047974
0.100009918212891
0.0998940467834473
0.0999560356140137
0.0998449325561523
0.0999059677124023
0.100098013877869
0.0996860265731812
0.100097060203552
0.0996469259262085
0.0998780727386475
0.0999358892440796
0.0998760461807251
0.100051045417786
0.0997829437255859
0.0999500751495361
0.0997439622879028
0.100126028060913
0.0998389720916748
0.0999130010604858
0.0998489856719971
0.10024094581604
0.0996500253677368
0.0999209880828857
0.0998250246047974
0.100100994110107
0.0996509790420532
0.100122094154358
0.0998319387435913
0.0998330116271973
0.10011899471283
0.0996650457382202
0.0998129844665527
0.100034952163696
0.0999200344085693
0.0999679565429688
0.0997480154037476
0.099918007850647
0.100015044212341
0.0997560024261475
0.0999768972396851
0.100008010864258
0.0997740030288696
0.0998660326004028
0.0999400615692139
0.100130915641785
0.0997310876846314
0.0998679399490356
0.0998990535736084
0.100054979324341
0.0997729301452637
0.0999749898910522
0.09980309009552
0.0998920202255249
0.0999009609222412
0.099943995475769
0.0998679399490356
0.100010991096497
0.0997871160507202
0.099856972694397
0.0999239683151245
0.100044965744019
0.0998719930648804
0.0998700857162476
0.09990394115448
0.0998309850692749
0.0999170541763306
0.100039958953857
0.099871039390564
0.0999729633331299
0.10002601146698
0.0996960401535034
0.099869966506958
0.100049018859863
0.0997769832611084
0.099871039390564
0.0999029874801636
0.100168943405151
0.09968101978302
0.0998389720916748
0.100229024887085
0.0996260643005371
0.0998649597167969
0.0999330282211304
0.0999019145965576
0.099897027015686
0.0999109745025635
0.0999170541763306
0.0999380350112915
0.0998820066452026
0.0999048948287964
0.100014090538025
0.0998510122299194
0.0998599529266357
0.0998790264129639
0.0999759435653686
0.0998600721359253
0.0999559164047241
0.0998330116271973
0.0999710559844971
0.09996497631073
0.0999079942703247
0.0998319387435913
0.0999610424041748
0.0999239683151245
0.0999050140380859
0.0998290777206421
0.0999349355697632
0.0999670028686523
0.0998220443725586
0.0999369621276856
0.099869966506958
0.10000205039978
0.0997669696807861
0.100020051002502
0.0998430252075195
0.0998489856719971
0.0999419689178467
0.0999360084533691
0.0999640226364136
0.100000977516174
0.0997430086135864
0.0999529361724854
0.0999159812927246
0.0999040603637695
0.0999009609222412
0.100190997123718
0.0996249914169312
0.0998890399932861
0.100111961364746
0.0997810363769531
0.0999640226364136
0.0997769832611084
0.0999250411987305
0.0999590158462524
0.0998198986053467
0.0999209880828857
0.0998350381851196
0.100057005882263
0.0998190641403198
0.100097894668579
0.099729061126709
0.100281953811646
0.0996410846710205
0.0999349355697632
0.0998290777206421
0.0999358892440796
0.099898099899292
0.0999099016189575
0.0999770164489746
0.0999290943145752
0.0999219417572022
0.0998879671096802
0.0998950004577637
0.0999870300292969
0.0997849702835083
0.100028038024902
0.099918007850647
0.0998799800872803
0.0999130010604858
0.100407958030701
0.0993680953979492
0.0998659133911133
0.100426077842712
0.0995579957962036
0.0997719764709473
0.0998589992523193
0.100093960762024
0.0998150110244751
0.0999740362167358
0.0998690128326416
0.100178003311157
0.0996859073638916
0.100008010864258
0.0998170375823975
0.0999090671539307
0.0998519659042358
0.0999690294265747
0.0999159812927246
0.0999969244003296
0.099810004234314
0.100175023078918
0.0995950698852539
0.0999119281768799
0.100066065788269
0.099855899810791
0.0997670888900757
0.0999749898910522
0.0998669862747192
0.0999970436096191
0.099990963935852
0.0998679399490356
0.0998560190200806
0.0999799966812134
0.0999360084533691
0.0999270677566528
0.0998148918151856
0.100040078163147
0.099810004234314
0.099931001663208
0.0999079942703247
0.0999020338058472
0.0998638868331909
0.100450038909912
0.0993800163269043
0.0999000072479248
0.100093960762024
0.0998040437698364
0.0998380184173584
0.0999360084533691
0.0999410152435303
0.099998950958252
0.0999569892883301
0.099729061126709
0.0998769998550415
0.100080966949463
0.0998319387435913
0.099911093711853
0.100078940391541
0.0997960567474365
0.0998889207839966
0.100066065788269
0.099713921546936
0.0998950004577637
0.100051999092102
0.0998380184173584
0.0999339818954468
0.0999270677566528
0.099990963935852
0.0998270511627197
0.0999410152435303
0.10004198551178
0.0997669696807861
0.0999219417572022
0.0999380350112915
0.0999389886856079
0.0998320579528809
0.0999670028686523
0.100039958953857
0.100062012672424
0.0998719930648804
0.0998560190200806
0.100152015686035
0.0999269485473633
0.0999090671539307
0.0999829769134522
0.0998029708862305
0.099897027015686
0.100045919418335
0.0998730659484863
0.0998820066452026
0.0997790098190308
0.100023984909058
0.0999579429626465
0.0998800992965698
0.0999599695205688
0.099856972694397
0.0999640226364136
0.0999959707260132
0.0998300313949585
0.0999150276184082
0.0999408960342407
0.0999000072479248
0.0999690294265747
0.0998740196228027
0.0999490022659302
0.0998549461364746
0.100021004676819
0.0999240875244141
0.0999019145965576
0.099911093711853
0.0999139547348022
0.0998120307922363
0.0998759269714356
0.0999240875244141
0.100082993507385
0.0996189117431641
0.100005984306335
0.0998870134353638
0.100085020065308
0.0997560024261475
0.0998740196228027
0.0999419689178467
0.100036025047302
0.0997580289840698
0.100176930427551
0.0996520519256592
0.099979043006897
0.100028991699219
0.0998330116271973
0.0998969078063965
0.0998589992523193
0.105489015579224
0.100023031234741
0.0998460054397583
0.100054025650024
0.0993849039077759
0.100220084190369
0.0999059677124023
0.0998990535736084
0.0999889373779297
0.0999009609222412
0.0998630523681641
0.099958062171936
0.0998669862747192
0.0996429920196533
0.099931001663208
0.100138902664185
0.0998001098632812
0.099856972694397
0.0999259948730469
0.0998259782791138
0.0998979806900024
0.0999870300292969
0.0998539924621582
0.100036978721619
0.0998090505599976
0.100021004676819
0.0998959541320801
0.100043058395386
0.0996929407119751
0.0999079942703247
0.0998480319976807
0.100003004074097
0.0997209548950195
0.100046992301941
0.100010991096497
0.0997960567474365
0.100005030632019
0.100017905235291
0.0996600389480591
0.100075006484985
0.0998790264129639
0.100072026252747
0.0997209548950195
0.0997689962387085
0.0999979972839356
0.0999699831008911
0.0999380350112915
0.0998179912567139
0.0999889373779297
0.0997750759124756
0.100013971328735
0.0998849868774414
0.099884033203125
0.0999460220336914
0.0998839139938354
0.0998380184173584
0.0948120355606079
0.0996700525283814
0.0999000072479248
0.10002589225769
0.0997070074081421
0.0997960567474365
0.0999050140380859
0.0999249219894409
0.10000205039978
0.0999280214309692
0.0998629331588745
0.0999470949172974
0.0998709201812744
0.0998849868774414
0.0998140573501587
0.100014925003052
0.0999590158462524
0.0999010801315308
0.099835991859436
0.099890947341919
0.0998810529708862
0.10421097278595
0.095710039138794
0.100028991699219
0.0996369123458862
0.0998810529708862
0.100260972976685
0.0996450185775757
0.099945068359375
0.0998989343643188
0.0999079942703247
0.0999139547348022
0.0998181104660034
0.0999048948287964
0.100106000900269
0.0998940467834473
0.099810004234314
0.100188970565796
0.0999630689620972
0.0999000072479248
0.0999029874801636
0.0999499559402466
0.0998380184173584
0.09996497631073
0.0999140739440918
0.0998868942260742
0.0998930931091309
0.0999209880828857
0.0999119281768799
0.0998700857162476
0.099951982498169
0.100088000297546
0.0996919870376587
0.0999289751052856
0.0999200344085693
0.0998300313949585
0.100201964378357
0.0996649265289307
0.099958062171936
0.099856972694397
0.0999599695205688
0.0998400449752808
0.0999629497528076
0.0999040603637695
0.0999070405960083
0.0998879671096802
0.100013017654419
0.0998579263687134
0.0998640060424805
0.0999060869216919
0.0998159646987915
0.100036978721619
0.0999000072479248
0.0998549461364746
0.0996830463409424
0.100157022476196
0.0998759269714356
0.0999860763549805
0.0998409986495972
0.100214958190918
0.0996260643005371
0.0998969078063965
0.099871039390564
0.0998950004577637
0.0999330282211304
0.0999139547348022
0.0999040603637695
0.0999709367752075
0.100007057189941
0.099713921546936
0.109023094177246
0.0999339818954468
0.0996580123901367
0.10004997253418
0.0999590158462524
0.0998889207839966
0.0999840497970581
0.0996689796447754