0.097540020942688
0.100546956062317
0.0999540090560913
0.101060032844543
0.138772964477539
0.100630044937134
0.0996849536895752
0.100299000740051
0.0995199680328369
0.100495100021362
0.0997079610824585
0.100244998931885
0.0997079610824585
0.0998580455780029
0.100343942642212
0.100603103637695
0.0993219614028931
0.100293040275574
0.100028991699219
0.0996309518814087
0.100358963012695
0.0996750593185425
0.100292921066284
0.0997650623321533
0.0998810529708862
0.100442886352539
0.0999571084976196
0.0996619462966919
0.099897027015686
0.100162029266357
0.0997519493103027
0.100531935691833
0.0994760990142822
0.100459933280945
0.100080966949463
0.100170016288757
0.0997310876846313
0.100528001785278
0.0990709066390991
0.100587010383606
0.100082039833069
0.100419998168945
0.100056052207947
0.0995749235153198
0.0996639728546143
0.100486993789673
0.0993930101394653
0.100661993026733
0.100084066390991
0.0994069576263428
0.100283980369568
0.100022077560425
0.0997639894485474
0.100085020065308
0.100035905838013
0.100262045860291
0.100152969360352
0.100004076957703
0.0994999408721924
0.100314021110535
0.100129961967468
0.0999500751495361
0.0996339321136475
0.100666046142578
0.100106000900269
0.0997079610824585
0.100239992141724
0.0996420383453369
0.100024938583374
0.0996540784835815
0.100244998931885
0.100327968597412
0.100033044815063
0.0996909141540527
0.100082039833069
0.100226998329163
0.099727988243103
0.100381970405579
0.0988860130310059
0.101327061653137
0.100081920623779
0.0993601083755493
0.100603938102722
0.0998280048370361
0.0999469757080078
0.099992036819458
0.0997599363327026
0.0998810529708862
0.104927062988281
0.0952739715576172
0.100782990455627
0.0992249250411987
0.100299000740051
0.100089073181152
0.0995899438858032
0.0999640226364136
0.100411057472229
0.0998079776763916
0.100062966346741
0.100314974784851