0.0982780456542969
0.0990760326385498
0.099810004234314
0.09819495677948
0.0994390249252319
0.0998989343643188
0.0988930463790894
0.0993020534515381
0.0993819236755371
0.0986939668655396
0.0993000268936157
0.0991170406341553
0.0991219282150269
0.0982000827789307
0.0985869169235229
0.0995110273361206
0.0994670391082764
0.100322008132935
0.09961998462677
0.0980429649353027
0.0986599922180176
0.10151207447052
0.0973349809646606
0.0980260372161865
0.0988149642944336
0.0995489358901978
0.0991179943084717
0.100260019302368
0.0988659858703613
0.0992000102996826
0.0991979837417603
0.099108099937439
0.0990079641342163
0.0982110500335693
0.0987199544906616
0.0995409488677979
0.100492000579834
0.0989199876785278
0.0982600450515747
0.0998649597167969
0.0991640090942383
0.0991530418395996
0.0992169380187988
0.0984300374984741
0.0983340740203857
0.100100994110107
0.0990068912506104
0.0996700525283813
0.0992530584335327
0.0989749431610107
0.099200963973999
0.0991259813308716
0.0991370677947998
0.0985299348831177
0.0989130735397339
0.0984889268875122
0.0994890928268433
0.0994219779968262
0.0998159646987915
0.101094961166382
0.0968300104141235
0.0995780229568481
0.0991560220718384
0.0998439788818359
0.097053050994873
0.0991669893264771
0.099714994430542
0.0996789932250977
0.0993609428405762
0.0989741086959839
0.0992549657821655
0.0991549491882324
0.0987430810928345
0.0988229513168335
0.0984419584274292
0.0993920564651489
0.0995329618453979
0.0996490716934204
0.0993438959121704
0.0992560386657715
0.0990020036697388
0.0997869968414307
0.098438024520874
0.104189991950989
0.0927070379257202
0.0993639230728149
0.0995150804519653
0.0997229814529419
0.0991629362106323
0.0992820262908936
0.0991619825363159
0.0991979837417603
0.0990310907363892
0.114416003227234
0.0831539630889893
0.0990040302276611
0.10003399848938
0.0988889932632446
0.0991029739379883
0.0993269681930542