0.0869359970092773
0.109638929367065
0.110519051551819
0.110656023025513
0.110767960548401
0.109449028968811
0.143901944160461
0.0987650156021118
0.0979150533676147
0.0990079641342163
0.0993660688400269
0.0992279052734375
0.099384069442749
0.0991179943084717
0.0989990234375
0.100490927696228
0.0985130071640015
0.0997179746627808
0.0972460508346558
0.0990660190582275
0.0995429754257202
0.0994720458984375
0.099734902381897
0.0993731021881104
0.0990519523620605
0.0992889404296875
0.0980620384216309
0.0990400314331055
0.0987310409545898
0.0991199016571045
0.0994430780410767
0.100095987319946
0.0986999273300171
0.0996690988540649
0.0986289978027344
0.0997699499130249
0.0991770029067993
0.0990610122680664
0.0984929800033569
0.0983099937438965
0.100492000579834
0.0992389917373657
0.0994240045547485
0.098749041557312
0.0987629890441895
0.0998809337615967
0.0987130403518677
0.0995810031890869
0.0980759859085083
0.0984339714050293
0.0992650985717773
0.0999499559402466
0.0994420051574707
0.0991259813308716
0.0993250608444214
0.100017905235291
0.0982590913772583
0.0991779565811157
0.0989110469818115
0.0978049039840698
0.0998610258102417
0.0997949838638306
0.0990520715713501
0.0990509986877441
0.0993579626083374
0.0992289781570435
0.0991150140762329
0.0985109806060791
0.0995200872421265
0.0981919765472412
0.0990979671478271
0.100149989128113
0.0990990400314331
0.0991029739379883
0.0993160009384155
0.0990400314331055
0.0987809896469116
0.0993999242782593
0.0998700857162476
0.0970629453659058
0.0993030071258545
0.0995780229568481
0.100051999092102
0.0985950231552124
0.0991239547729492
0.0991779565811157
0.0988030433654785
0.100234031677246
0.110697031021118
0.0857290029525757
0.0992209911346436
0.0998339653015137
0.0996730327606201
0.0990949869155884
0.0991100072860718
0.0993229150772095
0.0988870859146118
0.0986319780349731
0.111053943634033
0.086495041847229