0.100498080253601
0.100612998008728
0.100304007530212
0.100506901741028
0.100423097610474
0.100408911705017
0.100450038909912
0.10045599937439
0.100445032119751
0.100744962692261
0.100309014320374
0.100360989570618
0.100430011749268
0.100674986839294
0.100389957427979
0.100182056427002
0.100407004356384
0.100574016571045
0.10046398639679
0.10076904296875
0.100182890892029
0.100484013557434
0.100388050079346
0.100693941116333
0.100376009941101
0.100342988967896
0.100517988204956
0.100445032119751
0.100288987159729
0.100728988647461
0.100414037704468
0.100378036499023
0.10024893283844
0.100768089294434
0.100367903709412
0.100290060043335
0.100193977355957
0.100950002670288
0.0998779535293579
0.101222038269043
0.100471973419189
0.100089073181152
0.100461006164551
0.100606918334961
0.100340008735657
0.100430011749268
0.100388050079346
0.100507974624634
0.100607991218567
0.100494980812073
0.100314021110535
0.100669026374817
0.100098967552185
0.100596070289612
0.100322961807251
0.100538969039917
0.10034704208374
0.100440979003906
0.100450038909912
0.100950956344604
0.0999870300292969
0.100467920303345
0.10043203830719
0.100666046142578
0.100365996360779
0.100330948829651
0.100417017936707
0.100497007369995
0.100410938262939
0.10057008266449
0.100661993026733
0.100121974945068
0.100440979003906
0.1006840467453
0.100373029708862
0.100395917892456
0.100388050079346
0.100535988807678
0.100373983383179
0.100327968597412
0.100803017616272
0.100172996520996
0.100486040115356
0.100507974624634
0.100429058074951
0.100422978401184
0.100498914718628
0.100342035293579
0.100520014762878
0.100473999977112
0.100527048110962
0.100278973579407
0.100502967834473
0.100708961486816
0.100248098373413
0.10040295124054
0.100507974624634
0.100401997566223
0.100529074668884
0.100407004356384
