0.0858030319213867
0.100235939025879
0.100201964378357
0.10063099861145
0.101289033889771
0.0986729860305786
0.0996630191802979
0.0993750095367432
0.100950956344604
0.0998129844665527
0.100475072860718
0.14041793346405
0.0999190807342529
0.0998649597167969
0.100268006324768
0.0992050170898438
0.0998909473419189
0.101351022720337
0.102867960929871
0.0969901084899902
0.100795984268188
0.100389003753662
0.0987939834594727
0.100345015525818
0.0992699861526489
0.099835991859436
0.0995359420776367
0.100048065185547
0.100582003593445
0.100134968757629
0.100038051605225
0.100027918815613
0.0995709896087646
0.0997390747070312
0.100507974624634
0.100602030754089
0.100008010864258
0.099950909614563
0.100316047668457
0.0994559526443481
0.100854992866516
0.0996400117874146
0.100430011749268
0.100265979766846
0.0994530916213989
0.0990159511566162
0.100062966346741
0.100336074829102
0.10011899471283
0.100836992263794
0.100274920463562
0.100624084472656
0.0994079113006592
0.100333094596863
0.10004997253418
0.0990519523620605
0.0994820594787598
0.100201010704041
0.100183010101318
0.100367903709412
0.101059079170227
0.0996189117431641
0.0999410152435303
0.0994620323181152
0.0998730659484863
0.0994179248809814
0.100102066993713
0.100726962089539
0.099573016166687
0.100970983505249
0.100713968276978
0.0996440649032593
0.10008692741394
0.0992980003356934
0.100664019584656
0.0994640588760376
0.0994619131088257
0.10002601146698
0.100041031837463
0.100047945976257
0.100193023681641
0.10011899471283
0.0993859767913818
0.0993829965591431
0.101964116096497
0.0996419191360474
0.09996497631073
0.100138068199158
0.0999789237976074
0.0997450351715088
0.100059032440186
0.0999619960784912
0.100108027458191
0.100358963012695
0.10001802444458
0.100158929824829
0.100197076797485
0.100142955780029
0.101610064506531
0.098889946937561