0.100440979003906
0.100499987602234
0.100470066070557
0.100332021713257
0.100340962409973
0.10050904750824
0.100665926933289
0.100413084030151
0.100685000419617
0.100353956222534
0.100278973579407
0.100371956825256
0.101070046424866
0.100008010864258
0.100358009338379
0.100734949111938
0.100317001342773
0.100543022155762
0.100126028060913
0.100767970085144
0.10033905506134
0.100381970405579
0.100896954536438
0.100021004676819
0.100515007972717
0.100401043891907
0.100409984588623
0.100610017776489
0.100211024284363
0.100546956062317
0.100486993789673
0.100425958633423
0.100935101509094
0.0999670028686523
0.100549936294556
0.100363969802856
0.100383043289185
0.100677013397217
0.100579977035522
0.100270986557007
0.1006840467453
0.100422978401184
0.100322008132935
0.10052502155304
0.100244998931885
0.100417017936707
0.100519895553589
0.100356101989746
0.100525975227356
0.100361943244934
0.100506067276001
0.100551962852478
0.100363969802856
0.100810050964355
0.0999820232391357
0.100669980049133
0.100299954414368
0.100547075271606
0.100343942642212
0.100543975830078
0.100468039512634
0.100443005561829
0.100335001945496
0.100816011428833
0.100149989128113
0.100504994392395
0.100438952445984
0.100422024726868
0.100407004356384
0.100674986839294
0.100350975990295
0.100399017333984
0.10046398639679
0.100627064704895
0.100337028503418
0.100376963615417
0.100677013397217
0.100322008132935
0.100600957870483
0.100334048271179
0.100475907325745
0.100419044494629
0.100414037704468
0.100711941719055
0.0999820232391357
0.10058605670929
0.10050094127655
0.100361943244934
0.100716114044189
0.100239992141724
0.100498914718628
0.100383996963501
0.100362062454224
0.100898027420044
0.100047945976257
0.100479006767273
0.100476026535034
0.100481986999512
0.1007319688797
