0.101082921028137
0.102879047393799
0.095628023147583
0.0997499227523804
0.0998700857162476
0.100193977355957
0.100075006484985
0.0999050140380859
0.0997519493103027
0.0998830795288086
0.0999869108200073
0.0998250246047974
0.0999040603637695
0.099855899810791
0.0998830795288086
0.0998729467391968
0.0998979806900024
0.0998860597610474
0.0998009443283081
0.0999510288238525
0.099897027015686
0.0998859405517578
0.0999460220336914
0.100076079368591
0.0996519327163696
0.0999400615692139
0.0998409986495972
0.0998859405517578
0.0998890399932861
0.0998159646987915
0.0999369621276856
0.0998890399932861
0.1076500415802
0.0998460054397583
0.0999948978424072
0.0999860763549805
0.0998120307922363
0.0997079610824585
0.0999209880828857
0.100175023078918
0.0998499393463135
0.0998280048370361
0.0999370813369751
0.0995500087738037
0.0999499559402466
0.100296020507812
0.0996739864349365
0.099992036819458
0.0998179912567139
0.0996339321136475
0.100259065628052
0.0994349718093872
0.100275039672852
0.0997899770736694
0.100135922431946
0.0994710922241211
0.0998779535293579
0.0998990535736084
0.0998889207839966
0.0998460054397583
0.10001802444458
0.0997719764709473
0.0998580455780029
0.0999549627304077
0.0997860431671143
0.100076913833618
0.099789023399353
0.0998480319976807
0.0998200178146362
0.0999569892883301
0.0998899936676025
0.09990394115448
0.0999100208282471
0.0998049974441528
0.0999040603637695
0.100273966789246
0.0996639728546143
0.0997480154037476
0.0998910665512085
0.0998749732971191
0.0998449325561523
0.0999870300292969
0.0997860431671143
0.0999360084533691
0.0998430252075195
0.0999599695205688
0.100039958953857
0.0996910333633423
0.0998129844665527
0.0999369621276856
0.100046992301941
0.0999220609664917
0.0997409820556641
0.0999020338058472
0.0998419523239136
0.100062966346741
0.0996919870376587
0.099932074546814
0.0998239517211914
0.0998870134353638
0.0999130010604858
0.0999009609222412
0.0997940301895142
0.0999760627746582
0.0998319387435913
0.100125074386597
0.0995879173278809
0.100022077560425
0.0999019145965576
0.099918007850647
0.099655032157898
0.100074052810669
0.0998679399490356
0.0998409986495972
0.0999209880828857
0.100080013275146
0.0996270179748535
0.0999900102615356
0.0997799634933472
0.0998960733413696
0.0999130010604858
0.0999449491500854
0.0999020338058472
0.0996969938278198
0.0999659299850464
0.0999190807342529
0.100132942199707
0.0997500419616699
0.0997289419174194
0.0998769998550415
0.0999979972839356
0.0998860597610474
0.0998759269714356
0.0998830795288086
0.0999879837036133
0.0998049974441528
0.100072979927063
0.0995680093765259
0.0998899936676025
0.0999139547348022
0.0999410152435303
0.0998619794845581
0.0999850034713745
0.0997990369796753
0.0998959541320801
0.0998550653457642
0.0998319387435913
0.100136041641235
0.099666953086853
0.0998460054397583
0.0999290943145752
0.0999079942703247
0.0998769998550415
0.0999089479446411
0.0998910665512085
0.099868893623352
0.100118041038513
0.0996140241622925
0.100062966346741
0.0997660160064697
0.0998660326004028
0.0998339653015137
0.0999150276184082
0.0998120307922363
0.10005795955658
0.0997910499572754
0.100117921829224
0.0996379852294922
0.0997210741043091
0.0999979972839356
0.100021958351135
0.100012063980103
0.0997409820556641
0.0998899936676025
0.0997409820556641
0.0999950170516968
0.100150942802429
0.100107073783875
0.0993479490280151
0.0999230146408081
0.0998890399932861
0.0999279022216797
0.0999200344085693
0.0999929904937744
0.0997370481491089
0.100111961364746
0.0996500253677368
0.0998729467391968
0.100100040435791
0.0996259450912476
0.100116014480591
0.0997769832611084
0.0997840166091919
0.0998470783233643
0.099931001663208
0.0998649597167969
0.0998820066452026
0.100036978721619
0.0997470617294312
0.0999259948730469
0.0998349189758301
0.0999130010604858
0.100058078765869
0.0999729633331299
0.0999259948730469
0.0997810363769531
0.0999239683151245
0.099890947341919
0.0999400615692139
0.0997070074081421
0.0997539758682251
0.0997060537338257
0.099748969078064
0.100051999092102
0.099884033203125
0.10023295879364
0.0999139547348022
0.0999209880828857
0.100092053413391
0.0995789766311646
0.0998560190200806
0.0998690128326416
0.0998729467391968
0.0999220609664917
0.099931001663208
0.0998519659042358
0.0998040437698364
0.0997569561004639
0.100128054618835
0.100190997123718
0.0995229482650757
0.0998200178146362
0.0999159812927246
0.0999560356140137
0.0997530221939087
0.0999959707260132
0.099869966506958
0.100092053413391
0.0997129678726196
0.0998539924621582
0.0997560024261475
0.0999720096588135
0.0999349355697632
0.0997250080108643
0.100005030632019
0.0995370149612427
0.100265026092529
0.0997419357299805
0.10001802444458
0.100000023841858
0.0994999408721924
0.0999040603637695
0.100106000900269
0.100047945976257
0.0998830795288086
0.0999419689178467
0.0997170209884644
0.0999000072479248
0.0997509956359863
0.100101947784424
0.0995869636535644
0.100088000297546
0.0998530387878418
0.0999130010604858
0.0996670722961426
0.0999319553375244
0.0999469757080078
0.0999400615692139
0.100098967552185
0.0996630191802978
0.0997350215911865
0.100152969360352
0.0997549295425415
0.0998950004577637
0.0997970104217529
0.0999430418014526
0.0999460220336914
0.099822998046875
0.0999479293823242
0.0997940301895142
0.0997799634933472
0.100139021873474
0.099850058555603
0.0998839139938354
0.0997140407562256
0.0999679565429688
0.0999990701675415
0.0998480319976807
0.0998510122299194
0.0998998880386352
0.0998580455780029
0.0999569892883301
0.100126028060913
0.0996179580688477
0.0997670888900757
0.0998289585113525
0.100093007087708
0.0998690128326416
0.0998529195785522
0.0998960733413696
0.0998189449310303
0.0999540090560913
0.0999170541763306
0.0998549461364746
0.099714994430542
0.0999959707260132
0.0999940633773804
0.0998469591140747
0.0997580289840698
0.0999629497528076
0.0998589992523193
0.0998930931091309
0.0999529361724854
0.099837064743042
0.099700927734375
0.0999870300292969
0.100237011909485
0.0997350215911865
0.0997579097747803
0.0999000072479248
0.0998150110244751
0.0999820232391357
0.0999029874801636
0.0998899936676025
0.0998120307922363
0.0997929573059082
0.100042104721069
0.0998959541320801
0.099822998046875
0.0998859405517578
0.0998110771179199
0.100101947784424
0.100275993347168
0.0995299816131592
0.0995250940322876
0.0998769998550415
0.100039958953857
0.0998790264129639
0.0998959541320801
0.100167036056519
0.0997719764709473
0.100047945976257
0.0995320081710815
0.100110054016113
0.0998259782791138
0.0996780395507812
0.100055932998657
0.0999040603637695
0.0998259782791138
0.0998849868774414
0.0997390747070312
0.100008964538574
0.0998749732971191
0.100008010864258
0.0996259450912476
0.099958062171936
0.0999799966812134
0.0998649597167969
0.0998480319976807
0.0999059677124023
0.0998430252075195
0.099998950958252
0.0997720956802368
0.100028991699219
0.0998929738998413
0.0996830463409424
0.100024938583374
0.0999469757080078
0.0998040437698364
0.0998189449310303
0.0997650623321533
0.100132942199707
0.0998129844665527
0.10001003742218
0.0995590686798096
0.0999739170074463
0.100056052207947
0.0999000072479248
0.0997879505157471
0.0998519659042358
0.0998220443725586
0.100059986114502
0.099708080291748
0.100096940994263
0.099727988243103
0.0998090505599976
0.10028600692749
0.0999100208282471
0.0998109579086304
0.0996479988098144
0.0998899936676025
0.0999840497970581
0.0996589660644531
0.100134968757629
0.0997450351715088
0.099789023399353
0.100100994110107
0.0998409986495972
0.0999588966369629
0.0997270345687866
0.0997990369796753
0.100041031837463
