0.0997680425643921
0.0991770029067993
0.0997599363327026
0.0998769998550415
0.0990930795669556
0.0992019176483154
0.0995970964431763
0.0992659330368042
0.0992670059204102
0.0998469591140747
0.0995270013809204
0.0992180109024048
0.09946608543396
0.0994019508361816
0.0998090505599976
0.0991359949111938
0.0994329452514648
0.0993490219116211
0.0990849733352661
0.0996190309524536
0.099666953086853
0.0993360280990601
0.0995039939880371
0.0994429588317871
0.0989511013031006
0.0997459888458252
0.099463939666748
0.0991090536117554
0.0993819236755371
0.0998150110244751
0.0990890264511108
0.0997430086135864
0.0993659496307373
0.0995150804519653
0.0994669198989868
0.0994430780410767
0.099463939666748
0.0994290113449097
0.0996270179748535
0.0988399982452393
0.0998589992523193
0.0994160175323486
0.0994299650192261
0.099431037902832
0.0994539260864258
0.0994250774383545
0.0994390249252319
0.0994559526443481
0.0990619659423828
0.0997700691223144
0.0994369983673096
0.0994240045547485
0.0994459390640259
0.0993720293045044
0.0995399951934814
0.0994600057601929
0.0992209911346436
0.0994119644165039
0.0992850065231323
0.0997320413589478
0.0994720458984375
0.0993959903717041
0.0995090007781982
0.0997819900512695
0.0991219282150269
0.0993740558624268
0.0994679927825928
0.099261999130249
0.099215030670166
0.0998249053955078
0.0990800857543945
0.099761962890625
0.0994620323181152
0.0994679927825928
0.0994579792022705
0.0989489555358887
0.0999150276184082
0.0994280576705933
0.0991369485855102
0.0996890068054199
0.0994900465011597
0.0994799137115478
0.0991660356521606
0.0995750427246094
0.0994049310684204
0.0995680093765259
0.0994360446929932
0.0994600057601929
0.099120020866394
0.0996779203414917
0.099574089050293
0.0995179414749146
0.0988119840621948
0.0998170375823975
0.0994210243225098
0.0994489192962646
0.0994950532913208
0.099511981010437
0.0990240573883057
0.0997029542922974