0.0100600719451904
0.00980591773986816
0.0101339817047119
0.00996708869934082
0.0100879669189453
0.00987899303436279
0.0101170539855957
0.00982797145843506
0.0102459192276001
0.00973308086395264
0.0100139379501343
0.0105950832366943
0.00992000102996826
0.0101679563522339
0.00993204116821289
0.0100669860839844
0.0102699995040894
0.00954699516296387
0.0099489688873291
0.00970304012298584
0.00980496406555176
0.0103100538253784
0.0100198984146118
0.00964498519897461
0.0107160806655884
0.00935494899749756
0.0101140737533569
0.0102119445800781
0.00951695442199707
0.0105190277099609
0.00951802730560303
0.0102570056915283
0.00981104373931885
0.0100349187850952
0.00978708267211914
0.00990700721740723
0.0100069046020508
0.0100570917129517
0.00996994972229004
0.010051965713501
0.00997805595397949
0.0101299285888672
0.00993800163269043
0.0099480152130127
0.00989401340484619
0.0101890563964844
0.00988495349884033
0.0100899934768677
0.0100289583206177
0.00981402397155762
0.0101649761199951
0.0102150440216064
0.00978696346282959
0.00998902320861816
0.00999307632446289
0.0100558996200562
0.00986301898956299
0.0099719762802124
0.0101090669631958
0.00982093811035156
0.010309100151062
0.00974094867706299
0.0101219415664673
0.00988507270812988
0.00986695289611816
0.00993204116821289
0.0100580453872681
0.0100148916244507
0.00990200042724609
0.0101560354232788
0.0100849866867065
0.00984799861907959
0.0100880861282349
0.00993895530700684
0.00998294353485107
0.00996601581573486
0.00998103618621826
0.0100409984588623
0.00987398624420166
0.010004997253418
0.0100040435791016
0.00989294052124023
0.0100530385971069
0.0100400447845459
0.0098729133605957
0.0101140737533569
0.00994300842285156
0.00981199741363525
0.00991296768188477
0.0101000070571899
0.0101299285888672
0.0106570720672607
0.00918102264404297
0.0099489688873291
0.00986802577972412
0.0100319385528564
0.0101000070571899
0.00985395908355713
0.00998008251190186
0.010017991065979
0.0100129842758179
0.0099339485168457
0.0099860429763794
0.00997805595397949
0.00998592376708984
0.00996208190917969
0.00998198986053467
0.0101109743118286
0.00994300842285156
0.00994491577148438
0.0110599994659424
0.00971901416778564
0.00934004783630371
0.0103859901428223
0.0109080076217651
0.00908493995666504
0.0100200176239014
0.0100160837173462
0.010098934173584
0.00989603996276856
0.00996601581573486
0.0100159645080566
0.00998497009277344
0.00985598564147949
0.0100270509719849
0.00992703437805176
0.0100789070129395
0.00991404056549072
0.0100589990615845
0.00995397567749023
0.00995504856109619
0.0100280046463013
0.00993800163269043
0.0100319385528564
0.00995910167694092
0.0101209878921509
0.009848952293396
0.00999903678894043
0.0100849866867065
0.010098934173584
0.00987100601196289
0.0106570720672607
0.00927901268005371
0.00985395908355713
0.0101009607315063
0.0101480484008789
0.0098339319229126
0.00992906093597412
0.00996601581573486
0.0100369453430176
0.0104000568389893
0.0101649761199951
0.0089789628982544
0.0100940465927124
0.0100879669189453
0.0103139877319336
0.00986409187316894
0.0101209878921509
0.00995993614196777
0.00999903678894043
0.00990402698516846
0.010017991065979
0.00990092754364014
0.0100719928741455
0.00980603694915772
0.0101439952850342
0.0100710391998291
0.009971022605896
0.00986695289611816
0.0101499557495117
0.00986707210540772
0.0100209712982178
0.0100549459457397
0.00997710227966309
0.00989091396331787
0.0100500583648682
0.0100729465484619
0.00980901718139648
0.00994205474853516
0.0101989507675171
0.0100229978561401
0.00985300540924072
0.0100010633468628
0.0100469589233398
0.0099250078201294
0.010003924369812
0.00981199741363525
0.0101820230484009
0.0100430250167847
0.00995302200317383
0.0099560022354126
0.0100300312042236
0.00999295711517334
0.00999295711517334
0.0100560188293457
0.00992906093597412
0.00997591018676758
0.00994598865509033
0.00954103469848633
0.0099480152130127
0.0104620456695557
0.00998497009277344
0.00996196269989014
0.00972402095794678
0.00995302200317383
0.0103759765625
0.00962197780609131
0.00997400283813477
0.00983500480651856
0.0100539922714233
0.0101090669631958
0.0103219747543335
0.0094989538192749
0.00976502895355225
0.0102449655532837
0.0100400447845459
0.0103609561920166
0.00958800315856934
0.00988006591796875
0.0101029872894287
0.00986194610595703
0.0100480318069458
0.0100150108337402
0.0103819370269775
0.0100300312042236
0.010045051574707
0.00995993614196777
0.00997602939605713
0.0095139741897583
0.0100820064544678
0.009971022605896
0.00993895530700684
0.0099940299987793
0.00997698307037354
0.00987899303436279
0.0100530385971069
0.0099949836730957
0.00996804237365723
0.0101180076599121
0.00989198684692383
0.010362982749939
0.00972604751586914
0.0103859901428223
0.00980997085571289
0.0100229978561401
0.0100259780883789
0.00993704795837402
0.0101629495620728
0.00966107845306396
0.0101929903030396
0.00994491577148438
0.0100600719451904
0.0100820064544678
0.00976395606994629
0.00998997688293457
0.0100160837173462
0.0101209878921509
0.00976800918579102
0.0100629329681396
0.00996100902557373
0.00996005535125732
0.0101310014724731
0.00985491275787354
0.00990307331085205
0.0100549459457397
0.00991404056549072
0.010138988494873
0.00976502895355225
0.00981795787811279
0.0100229978561401
0.00998497009277344
0.0100489854812622
0.0101920366287231
0.0099480152130127
0.0101300477981567
0.00996494293212891
0.0100569725036621
0.00999605655670166
0.0100330114364624
0.00979900360107422
0.0100079774856567
0.00987696647644043
0.0101640224456787
0.00993096828460693
0.00991404056549072
0.0100879669189453
0.00997495651245117
0.0107721090316772
0.00922095775604248
0.00981497764587402
0.0102410316467285
0.00988495349884033
0.0100520849227905
0.00974690914154053
0.010146975517273
0.00996005535125732
0.00992298126220703
0.0102300643920898
0.00979793071746826
0.00998103618621826
0.0100409984588623
0.00986993312835693
0.0101320743560791
0.00987398624420166
0.0100719928741455
0.00995898246765137
0.00986707210540772
0.0101439952850342
0.0120269060134888
0.00779807567596436
0.00972998142242432
0.0100690126419067
0.0101640224456787
0.0100879669189453
0.010017991065979
0.009613037109375
0.00988996028900146
0.00984704494476318
0.00993800163269043
0.0104889869689941
0.0100549459457397
0.00961101055145264
0.00985300540924072
0.0102239847183228
0.00970900058746338
0.0099949836730957
0.0100420713424683
0.00988292694091797
0.0101510286331177
0.00985395908355713
0.0100120306015015
0.00996506214141846
0.00996792316436768
0.0100400447845459
0.00997400283813477
0.0100109577178955
0.00999903678894043
0.00992894172668457
0.0100361108779907
0.0099719762802124
0.00996100902557373
0.0100009441375732
0.0100430250167847
0.00995194911956787
0.0100030899047852
0.00992894172668457
0.00998103618621826
0.00998592376708984
0.0099940299987793
0.010146975517273
0.00996005535125732
0.00990498065948486
0.010113000869751
0.00981605052947998
0.0101759433746338
0.00988006591796875
0.00983595848083496
0.0100749731063843
0.00994300842285156
0.0100330114364624
0.010085940361023
0.0099329948425293
0.00989210605621338
0.0100349187850952
0.0100650787353516
0.00998198986053467
0.0100589990615845
0.00999200344085693
0.00999701023101807
0.0099189281463623
0.0100820064544678
0.0100899934768677
0.00998806953430176
0.00992798805236816
0.0100349187850952
0.0100120306015015
0.00999999046325684
0.01015305519104
0.00960493087768555
0.00999808311462402
0.0101369619369507
0.0100359916687012
0.0099029541015625
0.0100020170211792
0.00986897945404053
0.0100769996643066
0.0097891092300415
0.010077953338623
0.0101499557495117
0.0100910663604736
0.00977802276611328
0.009909987449646
0.00990498065948486
0.0101419687271118
0.0101170539855957
0.0099639892578125
0.00997591018676758
0.00993609428405762
0.010098934173584
0.00989305973052978
0.010017991065979
0.00995993614196777
0.009971022605896
0.00995397567749023
0.0100849866867065
0.0100270509719849
0.00995302200317383
0.0099489688873291
0.0102170705795288
0.00986194610595703
0.00990700721740723
0.0100679397583008
0.00998806953430176
0.00989294052124023
0.0099790096282959
0.00996804237365723
0.0099799633026123
0.010017991065979
0.00981605052947998
0.0101770162582397
0.00996792316436768
0.00996804237365723
0.0099940299987793
0.0102019309997559
0.00994002819061279
0.00972998142242432
0.0100610256195068
0.0100589990615845
0.00967800617218018
0.010208010673523
0.0099480152130127
0.00997292995452881
0.0099940299987793
0.0100430250167847
0.0099940299987793
0.00989997386932373
0.00995397567749023
0.0101300477981567
0.00993096828460693
0.00999903678894043
0.0099949836730957
0.0100020170211792
0.010051965713501
0.00996804237365723
0.010051965713501
0.0100640058517456
0.00990092754364014
0.00987505912780762
0.0100569725036621
0.0100280046463013
0.00988197326660156
0.00999808311462402
0.0102499723434448
0.00982201099395752
0.00988996028900146
0.0098869800567627
0.0100470781326294
0.0100789070129395
0.00997507572174072
0.00996196269989014
0.0101120471954346
0.00990200042724609
0.00985193252563477
0.0103130340576172
0.00978696346282959
0.0100079774856567
0.0099560022354126
0.00979101657867432
0.0104550123214722
0.00975799560546875
0.00983202457427978
0.0101079940795898
0.00995194911956787
0.0100970268249512
0.00971102714538574
0.0100350379943848
0.0102639198303223
0.00985205173492432
0.0100480318069458
0.00995790958404541
0.00990808010101318
0.0100369453430176
0.00999701023101807
0.01003098487854
0.00995302200317383
0.0098719596862793
0.0100860595703125
0.00990593433380127
0.00999903678894043
0.0100110769271851
0.00996589660644531
0.0100340843200684
0.0099189281463623
0.0101320743560791
0.010111927986145
0.00979506969451904
0.01003098487854
0.0099189281463623
0.0100040435791016
0.0100200176239014
