0.0097280740737915
0.0101439952850342
0.010064959526062
0.0100389719009399
0.0099790096282959
0.00998103618621826
0.0101989507675171
0.00993502140045166
0.0100550651550293
0.0100769996643066
0.0100409984588623
0.0100558996200562
0.0101820230484009
0.0100470781326294
0.0100789070129395
0.0103369951248169
0.00968706607818604
0.0101959705352783
0.0099639892578125
0.0100970268249512
0.0101629495620728
0.00998008251190186
0.0100339651107788
0.0100109577178955
0.0100830793380737
0.0102139711380005
0.009909987449646
0.0100870132446289
0.00994598865509033
0.0102109909057617
0.00990402698516846
0.0101139545440674
0.00994706153869629
0.0101180076599121
0.0101629495620728
0.010066032409668
0.0101449489593506
0.0100370645523071
0.00978994369506836
0.01009202003479
0.0100599527359009
0.0103400945663452
0.00965499877929688
0.0100479125976562
0.0100769996643066
0.0100500583648682
0.0100909471511841
0.0100760459899902
0.00972402095794678
0.0100330114364624
0.0101269483566284
0.0100910663604736
0.010037899017334
0.0101670026779175
0.01009202003479
0.0100220441818237
0.0100480318069458
0.00997793674468994
0.0103110074996948
0.00999903678894043
0.0100330114364624
0.0100709199905396
0.010342001914978
0.00974798202514648
0.010045051574707
0.0100589990615845
0.00999999046325684
0.0100799798965454
0.0100970268249512
0.00995504856109619
0.0100619792938232
0.0100769996643066
0.0100109577178955
0.00996196269989014
0.0100851058959961
0.00999200344085693
0.010037899017334
0.0100851058959961
0.0102049112319946
0.00998902320861816
0.0100489854812622
0.0100840330123901
0.00996804237365723
0.0101029872894287
0.00997495651245117
0.00997698307037354
0.0101590156555176
0.0100749731063843
0.0149470567703247
0.00500202178955078
0.00993192195892334
0.0102800130844116
0.0099179744720459
0.00996899604797363
0.0100680589675903
0.00993204116821289
0.010159969329834
0.0104860067367554
0.00959694385528564
0.0103790760040283
0.00972890853881836
0.0100640058517456
0.0101150274276733
0.00995099544525146
0.0100600719451904
0.0100948810577393
0.00991904735565186
0.0102089643478394
0.0100570917129517
0.010301947593689
0.00990402698516846
0.0099109411239624
0.0100640058517456
0.0100810527801514
0.00999701023101807
0.0101360082626343
0.00998294353485107
0.0100669860839844
0.00986206531524658
0.0100870132446289
0.0104589462280273
0.00977396965026856
0.0100380182266235
0.010079026222229
0.0100229978561401
0.0100599527359009
0.0103080272674561
0.00984203815460205
0.00996601581573486
0.010051965713501
0.0100530385971069
0.0100200176239014
0.0103288888931274
0.00983405113220215
0.010017991065979
0.0100580453872681
0.00992393493652344
0.0101680755615234
0.0103539228439331
0.00971806049346924
0.0100510120391846
0.0100959539413452
0.0100209712982178
0.0100090503692627
0.010017991065979
0.0100409984588623
0.0101120471954346
0.0098949670791626
0.0101150274276733
0.0101408958435059
0.010309100151062
0.00976192951202393
0.00994002819061279
0.0101189613342285
0.00997304916381836
0.0100449323654175
0.0100070238113403
0.00991606712341309
0.0101989507675171
0.00977504253387451
0.00991499423980713
0.0104559659957886
0.00999295711517334
0.0100690126419067
0.0101050138473511
0.0100300312042236
0.0100059509277344
0.0100460052490234
0.0100690126419067
0.0100389719009399
0.0100390911102295
0.0100599527359009
0.0100480318069458
0.01003098487854
0.0100970268249512
0.00999701023101807
0.010145902633667
0.00991106033325195
0.0100710391998291
0.0101159811019897
0.00998497009277344
0.0100059509277344
0.0100570917129517
0.0100419521331787
0.0143630504608154
0.00561690330505371
0.00995707511901856
0.0100359916687012
0.0100890398025513
0.0100469589233398
0.010077953338623
0.0100330114364624
0.0100140571594238
0.0100719928741455
0.0100259780883789
0.0101120471954346
0.00999200344085693
0.0100589990615845
0.010578989982605
0.00950896739959717
0.0100460052490234
0.0100269317626953
0.0100880861282349
0.0100349187850952
0.0100600719451904
0.0101759433746338
0.0101380348205566
0.0100380182266235
0.0100079774856567
0.0100970268249512
0.0100499391555786
0.0100640058517456
0.0100070238113403
0.0101710557937622
0.00988996028900146
0.0100829601287842
0.0100610256195068
0.0100159645080566
0.0099949836730957
0.0101470947265625
0.0100429058074951
0.0100840330123901
0.00997698307037354
0.00995004177093506
0.00998795032501221
0.00992310047149658
0.0100659132003784
0.0101820230484009
0.0101580619812012
0.00995194911956787
0.010113000869751
0.0101219415664673
0.0100131034851074
0.0100690126419067
0.00987899303436279
0.0100979804992676
0.00985491275787354
0.00993800163269043
0.0100100040435791
0.0100630521774292
0.00999903678894043
0.0101429224014282
0.009971022605896
0.00999200344085693
0.0101150274276733
0.00996994972229004
0.0100990533828735
0.0101959705352783
0.00992095470428467
0.00994002819061279
0.0101820230484009
0.0102289915084839
0.00986003875732422
0.009956955909729
0.010127067565918
0.00996589660644531
0.010106086730957
0.0103849172592163
0.00969099998474121
0.0100740194320679
0.00996708869934082
0.0101178884506226
0.0100430250167847
0.0100079774856567
0.0100589990615845
0.0100730657577515
0.00993800163269043
0.010146975517273
0.009971022605896
0.010342001914978
0.0100950002670288
0.010174036026001
0.0100849866867065
0.00999200344085693
0.00998198986053467
0.0104199647903442
0.00974404811859131
0.00993597507476807
0.0102089643478394
0.00988900661468506
0.0102150440216064
0.0103009939193726
0.00963997840881348
0.0101430416107178
0.00980794429779053
0.00996696949005127
0.010066032409668
0.0101419687271118
0.0102580785751343
0.0099339485168457
0.0101380348205566
0.00995993614196777
0.0101120471954346
0.0101070404052734
0.00993990898132324
0.00989007949829102
0.0101230144500732
0.0101339817047119
0.0100219249725342
0.0101730823516846
0.0103179216384888
0.00964808464050293
0.0100749731063843
0.0100499391555786
0.00992107391357422
0.0101269483566284
0.00998497009277344
0.0100610256195068
0.0100810527801514
0.0101059675216675
0.0100489854812622
0.0100420713424683
0.0100449323654175
0.0100619792938232
0.01003098487854
0.0100210905075073
0.010016918182373
0.0100760459899902
0.0100810527801514
0.0101099014282227
0.00992906093597412
0.0100350379943848
0.010050892829895
0.00999999046325684
0.0101560354232788
0.00996696949005127
0.010066032409668
0.010138988494873
0.00999605655670166
0.0099329948425293
0.0100289583206177
0.0100890398025513
0.0100619792938232
0.00999295711517334
0.0101780891418457
0.00985193252563477
0.010159969329834
0.0100001096725464
0.0101349353790283
0.0100510120391846
0.00990104675292969
0.010158896446228
0.00999605655670166
0.0101239681243896
0.0100650787353516
0.0100089311599731
0.0100749731063843
0.010019063949585
0.0100669860839844
0.0100220441818237
0.0100479125976562
0.0100440979003906
0.0100328922271729
0.010106086730957
0.0100209712982178
0.00996100902557373
0.010111927986145
0.0100040435791016
0.0100910663604736
0.0100109577178955
0.0100679397583008
0.0100500583648682
0.0100220441818237
0.0100439786911011
0.00995099544525146
0.0100319385528564
0.00985801219940186
0.0100259780883789
0.0100359916687012
0.0100491046905518
0.0100148916244507
0.0100470781326294
0.0100499391555786
0.0100489854812622
0.0100560188293457
0.0100210905075073
0.00998294353485107
0.0104889869689941
0.0100680589675903
0.00991594791412354
0.0101679563522339
0.0100700855255127
0.00959897041320801
0.0101209878921509
0.010221004486084
0.00976598262786865
0.0104119777679443
0.0101240873336792
0.0100219249725342
0.00998103618621826
0.0100239515304565
0.0101370811462402
0.010003924369812
0.00996804237365723
0.0105999708175659
0.00979697704315186
0.0099940299987793
0.0099940299987793
0.0100020170211792
0.00994396209716797
0.0105090141296387
0.0100599527359009
0.0095820426940918
0.0100220441818237
0.0100469589233398
0.00994396209716797
0.010330080986023
0.009895920753479
0.00993108749389648
0.0101779699325562
0.0101609230041504
0.00995910167694092
0.0103609561920166
0.0096360445022583
0.0100919008255005
0.0100100040435791
0.0101100206375122
0.0100550651550293
0.010327935218811
0.00975799560546875
0.010079026222229
0.0100059509277344
0.0100580453872681
0.00990605354309082
0.0102258920669556
0.00990605354309082
0.0101610422134399
0.0100510120391846
0.0100609064102173
0.010004997253418
0.0100150108337402
0.0100390911102295
0.010051965713501
0.0100690126419067
0.00996601581573486
0.0101239681243896
0.0100389719009399
0.0100350379943848
0.0101209878921509
0.0100229978561401
0.00999796390533447
0.0100159645080566
0.0100769996643066
0.0100010633468628
0.010295033454895
0.00985598564147949
0.0100250244140625
0.0100280046463013
0.0100198984146118
0.010045051574707
0.010079026222229
0.0100979804992676
0.0100159645080566
0.0100740194320679
0.0100090503692627
0.0100289583206177
0.0100389719009399
0.0100500583648682
0.010051965713501
0.0100189447402954
0.0099869966506958
0.0100840330123901
0.00990200042724609
0.0101640224456787
0.00996100902557373
0.0101330280303955
0.010017991065979
0.0099869966506958
0.0100629329681396
0.0101730823516846
0.0098879337310791
0.0101610422134399
0.0100150108337402
0.0101549625396729
0.00998306274414062
0.0100069046020508
0.0100910663604736
0.0101429224014282
0.00992202758789062
0.0100910663604736
0.0100280046463013
0.00994396209716797
0.0101310014724731
0.0134049654006958
0.0065230131149292
0.0099329948425293
0.0101170539855957
0.0102609395980835
0.00995397567749023
0.0101910829544067
0.0099799633026123
0.0100200176239014
0.0100899934768677
0.0100569725036621
0.0100530385971069
0.0100389719009399
0.0100560188293457
0.0100239515304565
0.0100100040435791
0.0100700855255127