0.000329971313476562
0.0194140672683716
0.00014793872833252
0.0196950435638428
0.000156998634338379
0.0194159746170044
0.000540018081665039
0.0206080675125122
0.000155925750732422
0.0193179845809937
0.000182032585144043
0.0197570323944092
0.00014495849609375
0.0196620225906372
0.000142931938171387
0.0199370384216309
0.000167965888977051
0.0235249996185303
0.000154018402099609
0.0167880058288574
0.000156044960021973
0.0178710222244263
0.000145912170410156
0.0211631059646606
0.000146985054016113
0.0206339359283447
0.000300049781799316
0.0194779634475708
0.00017702579498291
0.0189900398254395
0.000160932540893555
0.0198409557342529
0.000169038772583008
0.0199750661849976
0.000206947326660156
0.0198450088500977
0.000205039978027344
0.0203089714050293
0.00014495849609375
0.0202360153198242
0.00044095516204834
0.0187110900878906
0.000113010406494141
0.0203039646148682
0.000187039375305176
0.0205259323120117
0.000144004821777344
0.0197830200195312
0.000143051147460938
0.0187169313430786
0.000967025756835938
0.0194929838180542
0.000152945518493652
0.0203850269317627
0.000176072120666504
0.0182129144668579
0.00143909454345703
0.0185589790344238
0.00163495540618896
0.0187180042266846
0.00135302543640137
0.0187020301818848
0.00144898891448975
0.0185139179229736
0.00174903869628906
0.0188660621643066
0.00148296356201172
0.024385929107666
0.000190019607543945
0.0136870145797729
0.0012810230255127
0.0185250043869019
0.00138199329376221
0.0183279514312744
0.00154209136962891
0.0184808969497681
0.0015110969543457
0.0186059474945068
0.00151705741882324
0.0184109210968018
0.0016779899597168
0.0186020135879517
0.00136208534240723
0.0183969736099243
0.00151395797729492
0.0187419652938843
0.000274062156677246
0.0195620059967041
0.000167965888977051
0.0202710628509521
0.000241994857788086
0.0194859504699707
0.000172019004821777
0.0197759866714478
0.000169038772583008
0.0194230079650879
0.000844955444335938
0.0190750360488892
0.0015709400177002
0.0185340642929077
0.000936985015869141
0.0195379257202148
0.000178098678588867
0.0191109180450439
0.001242995262146
0.0195080041885376
0.000153064727783203
0.0204139947891235
0.000141024589538574
0.0186679363250732
0.000707030296325684
0.0191149711608887
0.000741004943847656
0.0200420618057251
0.0201079845428467
0.019832968711853
0.000171065330505371
0.0197800397872925
0.000158905982971191
0.0198780298233032
0.000169992446899414
0.0197100639343262
0.000156998634338379
0.0199379920959473
0.000145912170410156
0.0199379920959473
0.000316023826599121
0.0196700096130371
0.000164031982421875
0.0199199914932251
0.00029301643371582
0.0195679664611816
0.000146031379699707
0.0198730230331421
0.000152945518493652
0.0197560787200928
0.000165939331054688
0.0205949544906616
0.000145077705383301
0.0200469493865967
0.000128030776977539
0.0187280178070068
0.000127911567687988
0.0210220813751221
0.000128030776977539
0.0190329551696777
0.000110983848571777
0.0203160047531128
0.000136971473693848
0.0194730758666992
0.000120997428894043
0.019076943397522
0.000455975532531738
0.0205330848693848
0.0205740928649902
0.0196079015731812
0.000367045402526855
0.019582986831665
0.000378012657165527
0.0197429656982422
0.000213980674743652
0.0198760032653809
0.00032806396484375
0.0194439888000488
0.000404953956604004
0.0193930864334106
0.000952005386352539
0.0191729068756104
0.000403046607971191
0.019603967666626
0.000488996505737305
0.0194849967956543
0.000496983528137207
0.0197350978851318
0.000177979469299316
0.0194679498672485
0.000259995460510254
0.019705057144165
0.000363945960998535
0.0192570686340332
0.000906944274902344
0.0193849802017212
0.000144004821777344
0.0196269750595093
0.000454068183898926
0.0202699899673462
0.00014793872833252
0.0199230909347534
0.000190973281860352
0.0194989442825317
0.000181078910827637
0.0198060274124146
0.000186920166015625
0.0208220481872559
0.000183939933776855
0.0187749862670898
0.00018310546875
0.0200198888778687
0.000179052352905273
0.0199970006942749
0.000182986259460449
0.0202430486679077
0.00019991397857666
0.0207060575485229
0.000247955322265625
0.018449068069458
0.000163912773132324
0.0200380086898804
0.000192999839782715
0.0198490619659424
0.000152945518493652
0.0204890966415405
0.000166893005371094
0.0201020240783691
0.000146031379699707
0.0178589820861816
0.00146496295928955
0.018962025642395
0.00106501579284668
0.0187050104141235
0.0016169548034668
0.0186630487442017
0.0020979642868042
0.0178160667419434
0.00283193588256836
0.0174350738525391
0.00148200988769531
0.0186868906021118
0.00120604038238525
0.0183509588241577
0.00161600112915039
0.0187900066375732
0.00160908699035645
0.0180360078811646
0.00276494026184082
0.0171520709991455
0.00152790546417236
0.0186730623245239
0.00174891948699951
0.0180100202560425
0.0017319917678833
0.0184290409088135
0.00201797485351562
0.0180710554122925
0.00172197818756104
0.0179109573364258
0.000107049942016602
0.0199220180511475
0.000123023986816406
0.0200119018554688
0.000131011009216309
0.0198860168457031
0.00014805793762207
0.0201599597930908
0.000187039375305176
0.0196049213409424
0.000149011611938477
0.0194209814071655
0.00119507312774658
0.0192209482192993
0.000169992446899414
0.020158052444458
0.000150918960571289
0.0187710523605347
0.000871062278747559
0.0198040008544922
0.000159978866577148
0.0197899341583252
0.00015103816986084
0.020840048789978
0.00020897388458252
0.0193909406661987
0.000189065933227539
0.019495964050293
0.000179052352905273
0.0207560062408447
0.000299930572509766
0.0185630321502686
0.000190019607543945
0.0209999084472656
0.00020301342010498
0.017907977104187
0.000623106956481934
0.024419903755188
0.000200033187866211
0.0147490501403809
0.00119400024414062
0.0199400186538696
0.000145912170410156
0.0206000804901123
0.00014793872833252
0.0179270505905151
0.000883936882019043
0.0226700305938721
0.000172972679138184
0.0164270401000977
0.000681042671203613
0.0190929174423218
0.000908017158508301
0.0203989744186401
0.000182986259460449
0.0188230276107788
0.00140202045440674
0.0183310508728027
0.000782966613769531
0.0197880268096924
0.000145912170410156
0.0203369855880737
0.000303030014038086
0.0192290544509888
0.000149965286254883
0.0191789865493774
0.000138044357299805
0.0208230018615723
0.000133991241455078
0.0191550254821777
0.000679969787597656
0.0213379859924316
0.000221967697143555
0.020097017288208
0.000336050987243652
0.0178039073944092
0.000393033027648926
0.0194560289382935
0.000149965286254883
0.0199580192565918
0.000182032585144043
0.0201089382171631
0.000198006629943848
0.0190399885177612
0.00073707103729248
0.0198179483413696
0.000146985054016113
0.0210670232772827
0.00023496150970459
0.0184600353240967
0.000154972076416016
0.0200350284576416
0.000146985054016113
0.0201990604400635
0.000131011009216309
0.0198619365692139
0.000167012214660645
0.0191659927368164
0.000120997428894043
0.0206069946289062
0.00011599063873291
0.0201630592346191
0.000128030776977539
0.0188689231872559
0.0005340576171875
0.0190929174423218
0.000140070915222168
0.0200189352035522
0.000215053558349609
0.0198849439620972
0.000349044799804688
0.0197290182113647
0.000144004821777344
0.0209150314331055
0.00017392635345459
0.0190809965133667
0.000169992446899414
0.0199710130691528
0.000167012214660645
0.0209200382232666
0.000187993049621582
0.0188429355621338
0.000154018402099609
0.0206279754638672
0.000535011291503906
0.0188380479812622
0.000139951705932617
0.0186460018157959
0.00153505802154541
0.0184569358825684
0.00143909454345703
0.0185608863830566
0.00159907341003418
0.0189670324325562
0.00222098827362061
0.0173310041427612
0.00149297714233398
0.0193439722061157
0.00133097171783447
0.0186940431594849
0.00130105018615723
0.018610954284668
0.00143897533416748
0.0182100534439087
0.00261199474334717
0.0175149440765381
0.00141298770904541
0.0187669992446899
0.00156402587890625
0.0179899930953979
0.00179600715637207
0.0183089971542358
0.00172603130340576
0.0182229280471802
0.00263106822967529
0.0174850225448608
0.00126898288726807
0.0183290243148804
0.00116097927093506
0.0187939405441284
0.000524997711181641
0.0198550224304199
0.000308036804199219
0.0192509889602661
0.000481009483337402
0.0201239585876465
0.000144004821777344
0.0195080041885376
0.00106704235076904
0.018576979637146
0.00137102603912354
0.0187009572982788
0.000694990158081055
0.0191600322723389
0.00111603736877441
0.0194869041442871
0.000145077705383301
0.0192779302597046
0.000707030296325684
0.0199750661849976
0.000226974487304688
0.0190999507904053
0.000725030899047852
0.0192790031433105
0.000905036926269531
0.0191689729690552
0.000654935836791992
0.0197800397872925
0.000139951705932617
0.0194799900054932
0.000655055046081543
0.0195200443267822
0.000131011009216309
0.0206159353256226
0.00038599967956543
0.0196369886398315
0.00012505054473877
0.0198320150375366
0.000194907188415527
0.0199570655822754
0.000283002853393555
0.0197609663009644
0.000120997428894043
0.0188440084457397
0.000812053680419922
0.0189599990844727
0.000813007354736328
0.0191448926925659
0.00082099437713623
0.019239068031311
0.00067603588104248
0.0192749500274658
0.00091099739074707
0.0190880298614502
0.000607013702392578
0.019508957862854
0.000539064407348633
0.0194458961486816
0.000604987144470215
0.0194340944290161
0.000896930694580078
0.0190330743789673
0.000885009765625
0.0190819501876831
0.000560998916625977
0.0194369554519653
0.000941991806030273
0.0196160078048706
0.000285029411315918
0.0198839902877808
0.000259041786193848
0.0212079286575317
0.000275015830993652
0.0183709859848022
0.000138044357299805
0.0196009874343872
0.000153064727783203
0.019987940788269
0.000169992446899414
0.0192030668258667
0.000507950782775879
0.0203789472579956
0.0204240083694458
0.018983006477356
0.000653982162475586
0.0192650556564331
0.000980973243713379
0.0192489624023438
0.000658035278320312
0.0187909603118896
0.00101196765899658
0.0199400186538696
0.000424027442932129
0.0190869569778442
