0.0101479291915894
0.00981903076171875
0.0099639892578125
0.00998795032501221
0.0100120306015015
0.0101159811019897
0.0098639726638794
0.0100589990615845
0.010093092918396
0.0100250244140625
0.0100659132003784
0.00983500480651856
0.0105099678039551
0.0103400945663452
0.00975894927978516
0.0100690126419067
0.00971102714538574
0.0102419853210449
0.0104349851608276
0.0094599723815918
0.0101380348205566
0.00974094867706299
0.0101929903030396
0.0101430416107178
0.00965607166290283
0.00997698307037354
0.00999295711517334
0.0101079940795898
0.0105800628662109
0.00997889041900635
0.00947809219360352
0.00973701477050781
0.0100339651107788
0.0102720260620117
0.00973796844482422
0.0101799964904785
0.00976097583770752
0.0100510120391846
0.00976300239562988
0.010113000869751
0.0102070569992065
0.00958991050720215
0.0103729963302612
0.00964105129241943
0.010125994682312
0.00995802879333496
0.00982499122619629
0.0103650093078613
0.00986599922180176
0.00981295108795166
0.0099560022354126
0.00997304916381836
0.0102969408035278
0.00977301597595215
0.00979101657867432
0.0103570222854614
0.00970399379730225
0.0102169513702393
0.0100170373916626
0.00982296466827393
0.0101840496063232
0.0113300085067749
0.00821495056152344
0.0100200176239014
0.010064959526062
0.0102419853210449
0.00970602035522461
0.0100290775299072
0.0101579427719116
0.00975203514099121
0.00991594791412354
0.0100719928741455
0.00998008251190186
0.00972390174865723
0.0100730657577515
0.0101569890975952
0.00977802276611328
0.0104999542236328
0.00958406925201416
0.0100969076156616
0.00976002216339111
0.00997805595397949
0.0102019309997559
0.0101519823074341
0.00986707210540772
0.00996494293212891
0.010079026222229
0.00990104675292969
0.0101149082183838
0.00982403755187988
0.0101280212402344
0.0098259449005127
0.0101500749588013
0.00988399982452393
0.0101490020751953
0.00975000858306885
0.0099489688873291
0.0100950002670288
0.0102640390396118
0.010016918182373
0.00975799560546875
0.0100899934768677
0.0100330114364624
0.00982105731964111
0.010004997253418
0.00985002517700195
0.0100119113922119
0.0101310014724731
0.0100359916687012
0.00987207889556885
0.0100219249725342
0.00987899303436279
0.0100480318069458
0.0100100040435791
0.00993704795837402
0.00999891757965088
0.00989603996276856
0.0101029872894287
0.00991606712341309
0.0100229978561401
0.0100219249725342
0.0101320743560791
0.0100219249725342
0.00984406471252441
0.0100089311599731
0.00988101959228516
0.0100350379943848
0.0100749731063843
0.00992798805236816
0.00995504856109619
0.0100070238113403
0.00999093055725098
0.00995397567749023
0.00997006893157959
0.00998592376708984
0.00982010364532471
0.0103369951248169
0.00997400283813477
0.00998795032501221
0.00975894927978516
0.00995409488677978
0.0100299119949341
0.0100020170211792
0.00991904735565186
0.0101820230484009
0.0098569393157959
0.00997006893157959
0.0100799798965454
0.0100059509277344
0.00995206832885742
0.0100699663162231
0.00979101657867432
0.0100109577178955
0.0100409984588623
0.00998497009277344
0.00995707511901856
0.00993001461029053
0.0101979970932007
0.0098029375076294
0.0099719762802124
0.0100740194320679
0.0103319883346558
0.00978398323059082
0.00972902774810791
0.00982606410980225
0.0100079774856567
0.0102279186248779
0.0100330114364624
0.00988709926605225
0.0102049112319946
0.00989401340484619
0.00979804992675781
0.0103080272674561
0.00972294807434082
0.0100059509277344
0.0100070238113403
0.00997006893157959
0.0100399255752563
0.0100370645523071
0.0100380182266235
0.0098799467086792
0.00990605354309082
0.0102269649505615
0.0099940299987793
0.00999593734741211
0.0099560022354126
0.00986003875732422
0.0099029541015625
0.00995206832885742
0.00999593734741211
0.0100640058517456
0.00987899303436279
0.0100959539413452
0.00991606712341309
0.0100629329681396
0.00991809368133545
0.00996196269989014
0.0101029872894287
0.00985002517700195
0.0100769996643066
0.00998497009277344
0.00987005233764648
0.0108299255371094
0.00935506820678711
0.00983500480651856
0.010016918182373
0.0101070404052734
0.00986897945404053
0.00998008251190186
0.00996899604797363
0.0100469589233398
0.00991404056549072
0.0100119113922119
0.00992608070373535
0.0100769996643066
0.00997292995452881
0.0099639892578125
0.00998401641845703
0.009909987449646
0.0100500583648682
0.0101039409637451
0.00986897945404053
0.010309100151062
0.00990700721740723
0.0098949670791626
0.00999200344085693
0.0100269317626953
0.00985801219940186
0.0100880861282349
0.0100280046463013
0.009956955909729
0.00985896587371826
0.0100389719009399
0.0100650787353516
0.00996899604797363
0.00996196269989014
0.00996506214141846
0.00990390777587891
0.0101370811462402
0.00981795787811279
0.0103919506072998
0.00970602035522461
0.00998306274414062
0.00988602638244629
0.0101859569549561
0.00979197025299072
0.0100719928741455
0.00992906093597412
0.00993096828460693
0.0101510286331177
0.00989401340484619
0.00990498065948486
0.0101050138473511
0.00983691215515137
0.0102100372314453
0.00995898246765137
0.0100530385971069
0.0100629329681396
0.0100300312042236
0.00971400737762451
0.00981104373931885
0.0100749731063843
0.0101840496063232
0.00980198383331299
0.0099719762802124
0.0101050138473511
0.00994598865509033
0.00996100902557373
0.0101089477539062
0.00995206832885742
0.0100359916687012
0.00980496406555176
0.0102790594100952
0.00980091094970703
0.00995409488677978
0.0100369453430176
0.0099259614944458
0.0100570917129517
0.00987493991851807
0.0100209712982178
0.0100380182266235
0.00996696949005127
0.0102900266647339
0.00970196723937988
0.0100350379943848
0.0100020170211792
0.00984394550323486
0.0101640224456787
0.00990104675292969
0.0099339485168457
0.010079026222229
0.00985598564147949
0.0100079774856567
0.00993406772613525
0.010064959526062
0.0099480152130127
0.0100140571594238
0.0099719762802124
0.0099259614944458
0.0100400447845459
0.0101219415664673
0.00989305973052978
0.0101019144058228
0.010032057762146
0.00998795032501221
0.00988209247589111
0.0100259780883789
0.0100430250167847
0.0099109411239624
0.0098639726638794
0.0100820064544678
0.00984406471252441
0.0101369619369507
0.00989198684692383
0.0101059675216675
0.00981009006500244
0.0100159645080566
0.00998401641845703
0.0101019144058228
0.00991201400756836
0.00994002819061279
0.00997698307037354
0.0103009939193726
0.00970804691314697
0.0103139877319336
0.00979495048522949
0.0100290775299072
0.0100439786911011
0.00995099544525146
0.0100599527359009
0.00979900360107422
0.00997710227966309
0.00989890098571777
0.010282039642334
0.00988805294036865
0.00999689102172852
0.0099790096282959
0.0100359916687012
0.00980806350708008
0.0101209878921509
0.00988101959228516
0.00998401641845703
0.00988900661468506
0.0102789402008057
0.00986301898956299
0.00996100902557373
0.0100059509277344
0.00998198986053467
0.00996899604797363
0.0100550651550293
0.0099329948425293
0.0099179744720459
0.00993704795837402
0.0100740194320679
0.00996589660644531
0.00993704795837402
0.0101180076599121
0.0098719596862793
0.0100020170211792
0.00981402397155762
0.0101569890975952
0.0138169527053833
0.00640106201171875
0.00961697101593018
0.0100640058517456
0.00981903076171875
0.0104899406433105
0.00963008403778076
0.0102659463882446
0.00977206230163574
0.0101230144500732
0.00984299182891846
0.0102149248123169
0.00971901416778564
0.0102050304412842
0.0106790065765381
0.00920796394348144
0.010017991065979
0.00985097885131836
0.0100350379943848
0.0100769996643066
0.00999295711517334
0.0100910663604736
0.00970101356506348
0.0102469921112061
0.00976300239562988
0.0100699663162231
0.00984704494476318
0.0101639032363892
0.00973105430603027
0.010146975517273
0.00991499423980713
0.0100100040435791
0.00990903377532959
0.0101219415664673
0.0097661018371582
0.0101449489593506
0.0101629495620728
0.00981009006500244
0.0099489688873291
0.0100589990615845
0.00994396209716797
0.0100970268249512
0.00987100601196289
0.0101759433746338
0.00978100299835205
0.0101000070571899
0.00986409187316894
0.0100510120391846
0.00985598564147949
0.0101439952850342
0.00996994972229004
0.00998198986053467
0.00982701778411865
0.0102349519729614
0.00980603694915772
0.0101490020751953
0.00996005535125732
0.0102699995040894
0.00978600978851318
0.00980591773986816
0.00978302955627441
0.0100209712982178
0.0100580453872681
0.0099869966506958
0.00995492935180664
0.0100491046905518
0.00992798805236816
0.010085940361023
0.00991296768188477
0.00996303558349609
0.00989007949829102
0.0104368925094604
0.00991606712341309
0.0100460052490234
0.00989699363708496
0.00994002819061279
0.0100829601287842
0.00983798503875732
0.00996196269989014
0.0101510286331177
0.00991201400756836
0.0100059509277344
0.00994408130645752
0.0100499391555786
0.0100669860839844
0.010438084602356
0.00951695442199707
0.0098719596862793
0.0100700855255127
0.00995790958404541
0.0100001096725464
0.010037899017334
0.00990104675292969
0.00990903377532959
0.0101579427719116
0.00986897945404053
0.0100780725479126
0.0101629495620728
0.00971698760986328
0.0100070238113403
0.0101820230484009
0.00989794731140137
0.00991904735565186
0.00985801219940186
0.0098639726638794
0.0103330612182617
0.00999796390533447
0.00992298126220703
0.0101079940795898
0.0100070238113403
0.0100749731063843
0.00979399681091309
0.0101189613342285
0.00966310501098633
0.0101718902587891
0.00985610485076904
0.0102429389953613
0.00978398323059082
0.00981998443603516
0.0100630521774292
0.0098869800567627
0.0103440284729004
0.00984692573547363
0.0101020336151123
0.00986003875732422
0.00995802879333496
0.0100479125976562
0.0100160837173462
0.00999295711517334
0.00985002517700195
0.0100489854812622
0.0100699663162231
0.00981998443603516
0.0101600885391235
0.0100009441375732
0.010051965713501
0.00993800163269043
0.00983500480651856
0.0099949836730957
