0.0203440189361572
0.011038064956665
0.0187849998474121
0.010037899017334
0.0100220441818237
0.0101560354232788
0.0115729570388794
0.00843906402587891
0.0136109590530396
0.0373079776763916
0.000478029251098633
0.0000690221786499023
0.000158905982971191
0.00885105133056641
0.00994503498077393
0.0102859735488892
0.0100020170211792
0.0100059509277344
0.0100359916687012
0.0103590488433838
0.00988996028900146
0.0103930234909058
0.0096820592880249
0.010016918182373
0.0101790428161621
0.00998294353485107
0.0100140571594238
0.0104329586029053
0.00982308387756348
0.0099560022354126
0.00995588302612305
0.0101441144943237
0.010017991065979
0.0143439769744873
0.00613594055175781
0.0148540735244751
0.00508296489715576
0.00972402095794678
0.0101249217987061
0.009971022605896
0.0100539922714233
0.0101430416107178
0.0102009773254395
0.0112180709838867
0.00886893272399902
0.0101350545883179
0.00998592376708984
0.00999200344085693
0.0101790428161621
0.0104939937591553
0.00943899154663086
0.00987505912780762
0.0102579593658447
0.00988197326660156
0.00997006893157959
0.0101559162139893
0.0100619792938232
0.010093092918396
0.00998294353485107
0.0101959705352783
0.00994300842285156
0.00997304916381836
0.0102930068969727
0.0100269317626953
0.0100409984588623
0.00997507572174072
0.0101609230041504
0.0102790594100952
0.0099860429763794
0.0103439092636108
0.0095820426940918
0.0100879669189453
0.00998103618621826
0.0101590156555176
0.0100089311599731
0.0100340843200684
0.0104719400405884
0.00962996482849121
0.00999605655670166
0.0101300477981567
0.00994491577148438
0.010254979133606
0.0100460052490234
0.0100840330123901
0.00985503196716309
0.0100560188293457
0.0100229978561401
0.0100699663162231
0.0100860595703125
0.0100349187850952
0.0100879669189453
0.0100530385971069
0.0100539922714233
0.010032057762146
0.0100579261779785
0.0100560188293457
0.00999999046325684
0.0100160837173462
0.0101549625396729
0.0100760459899902
0.010037899017334
0.0101040601730347
0.00995802879333496
0.0162569284439087
0.00384902954101562
0.0100959539413452
0.0100140571594238
0.0100589990615845
0.010111927986145
0.0100750923156738
0.0101169347763062
0.0101250410079956
0.0099719762802124
0.0100350379943848
0.0101000070571899
0.0100299119949341
0.0100769996643066
0.0102880001068115
0.00976204872131348
0.0101419687271118
0.0100040435791016
0.0100409984588623
0.0101430416107178
0.0100029706954956
0.0101339817047119
0.0100289583206177
0.00988805294036865
0.0106680393218994
0.00972795486450195
0.00978803634643555
0.0100569725036621
0.0101289749145508
0.0100409984588623
0.0100040435791016
0.0101419687271118
0.0101220607757568
0.0100939273834229
0.0107699632644653
0.00931203365325928
0.0100060701370239
0.0100328922271729
0.00999307632446289
0.0100640058517456
0.0100439786911011
0.0104349851608276
0.00972998142242432
0.0100420713424683
0.0100909471511841
0.0100599527359009
0.010079026222229
0.0100350379943848
0.0100640058517456
0.0100460052490234
0.0100799798965454
0.00988900661468506
0.0101280212402344
0.0104579925537109
0.00987100601196289
0.0101649761199951
0.00969195365905762
0.0102280378341675
0.00995802879333496
0.0101109743118286
0.0100270509719849
0.0100549459457397
0.0103909969329834
0.00965797901153564
0.0101230144500732
0.0100690126419067
0.0100150108337402
0.0100749731063843
0.0100780725479126
0.00998997688293457
0.0100430250167847
0.0102229118347168
0.00981998443603516
0.0104820728302002
0.00967192649841309
0.0101200342178345
0.00998306274414062
0.0101180076599121
0.0101739168167114
0.00995302200317383
0.0100409984588623
0.0100940465927124
0.0103600025177002
0.00970196723937988
0.0101319551467896
0.0100480318069458
0.0100040435791016
0.010077953338623
0.0100719928741455
0.0103080272674561
0.00980496406555176
0.010066032409668
0.0099860429763794
0.0100820064544678
0.0100389719009399
0.0100460052490234
0.0104089975357056
0.00970196723937988
0.0100970268249512
0.010016918182373
0.013355016708374
0.0069500207901001
0.0100589990615845
0.00988006591796875
0.0100839138031006
0.0100160837173462
0.0101069211959839
0.0100110769271851
0.0100809335708618
0.0100420713424683
0.0099419355392456
0.01009202003479
0.0101439952850342
0.0100070238113403
0.0100449323654175
0.010113000869751
0.0100610256195068
0.0100650787353516
0.0102249383926392
0.00993800163269043
0.00998198986053467
0.00999605655670166
0.0100089311599731
0.010356068611145
0.00983798503875732
0.00999593734741211
0.0101040601730347
0.0099940299987793
0.0100619792938232
0.0105710029602051
0.00995290279388428
0.0097510814666748
0.00996291637420654
0.010208010673523
0.00999200344085693
0.010377049446106
0.0100879669189453
0.00980603694915772
0.00992298126220703
0.0100289583206177
0.0100820064544678
0.010045051574707
0.0101159811019897
0.00999104976654053
0.0101779699325562
0.00990200042724609
0.010174036026001
0.00990796089172363
0.0102089643478394
0.0100460052490234
0.010138988494873
0.00997602939605713
0.00989997386932373
0.0103009939193726
0.0101000070571899
0.0100140571594238
0.0100139379501343
0.0102360248565674
0.00978803634643555
0.0100229978561401
0.0101249217987061
0.010079026222229
0.0100090503692627
0.0100250244140625
0.0103989839553833
0.00964891910552978
0.0101211071014404
0.0100399255752563
0.0100810527801514
0.0100699663162231
0.0100409984588623
0.00993096828460693
0.0103600025177002
0.0100380182266235
0.00995206832885742
0.0100919008255005
0.009971022605896
0.00991499423980713
0.0101790428161621
0.00997400283813477
0.0100849866867065
0.0101170539855957
0.0100599527359009
0.0100269317626953
0.0101480484008789
0.00996005535125732
0.0100899934768677
0.0102159976959229
0.0100529193878174
0.00997805595397949
0.0101839303970337
0.0106379985809326
0.00923609733581543
0.00997090339660644
0.0101660490036011
0.0100589990615845
0.010077953338623
0.0100131034851074
0.0103209018707275
0.014362096786499
0.00562500953674316
0.00990593433380127
0.0100370645523071
0.0100280046463013
0.0100499391555786
0.0104310512542725
0.00974893569946289
0.0100409984588623
0.0100910663604736
0.0100069046020508
0.0101040601730347
0.00994002819061279
0.0104389190673828
0.00966799259185791
0.0100849866867065
0.0103070735931396
0.010017991065979
0.009909987449646
0.0101300477981567
0.00990796089172363
0.0101759433746338
0.00996506214141846
0.010146975517273
0.0100220441818237
0.00997793674468994
0.0101040601730347
0.0101549625396729
0.00993406772613525
0.0101269483566284
0.0101089477539062
0.0100430250167847
0.0100480318069458
0.0103839635848999
0.0097200870513916
0.010125994682312
0.0100939273834229
0.00996804237365723
0.0102670192718506
0.00981497764587402
0.0102620124816895
0.00995898246765137
0.00987493991851807
0.0100730657577515
0.0100070238113403
0.0100460052490234
0.0101099014282227
0.0104970932006836
0.00972700119018555
0.0102609395980835
0.0100600719451904
0.0100328922271729
0.00966906547546387
0.0100769996643066
0.0103199481964111
0.0100500583648682
0.0102399587631226
0.010140061378479
0.00978100299835205
0.0100589990615845
0.0102719068527222
0.00973999500274658
0.0100851058959961
0.0100969076156616
0.00996100902557373
0.0100229978561401
0.00998997688293457
0.0104531049728394
0.00967597961425781
0.0103359222412109
0.00999104976654053
0.00996303558349609
0.0101299285888672
0.00989508628845215
0.010374903678894
0.00982999801635742
0.00999701023101807
0.0101770162582397
0.00984001159667969
0.0101540088653564
0.0100209712982178
0.0103670358657837
0.00972104072570801
0.0100719928741455
0.0100209712982178
0.01009202003479
0.0100439786911011
0.0101640224456787
0.0103129148483276
0.00979709625244141
0.0100950002670288
0.00999701023101807
0.0100558996200562
0.0099329948425293
0.0100690126419067
0.0103720426559448
0.00980794429779053
0.00998902320861816
0.0100749731063843
0.0101441144943237
0.0101109743118286
0.0100070238113403
0.0100280046463013
0.00999391078948975
0.010269045829773
0.0099250078201294
0.00999593734741211
0.0100950002670288
0.0100820064544678
0.00989508628845215
0.0100769996643066
0.0100950002670288
0.0100479125976562
0.0102710723876953
0.00991499423980713
0.0102449655532837
0.00996899604797363
0.00998997688293457
0.00994205474853516
0.0101139545440674
0.00993597507476807
0.0101660490036011
0.00999701023101807
0.0101349353790283
0.00996410846710205
0.0100269317626953
0.010064959526062
0.0101610422134399
0.010125994682312
0.0100890398025513
0.00992691516876221
0.0102330446243286
0.00989699363708496
0.0101150274276733
0.0100079774856567
0.0100140571594238
0.0100150108337402
0.0101659297943115
0.00994300842285156
0.0104019641876221
0.00968801975250244
0.0101649761199951
0.0100311040878296
0.0099259614944458
0.0101699829101562
0.0100810527801514
0.010051965713501
0.010079026222229
0.0101279020309448
0.00989401340484619
0.0101180076599121
0.00998008251190186
0.0101109743118286
0.00995993614196777
0.0101770162582397
0.0101580619812012
0.0100759267807007
0.0100520849227905
0.00986695289611816
0.0100740194320679
0.0100229978561401
0.0100610256195068
0.0101079940795898
0.0104819536209106
0.00969600677490234
0.0100259780883789
0.0100290775299072
0.0100098848342896
0.0101250410079956
0.0100409984588623
0.0100090503692627
0.0100829601287842
0.0101690292358398
0.00997602939605713
0.0100579261779785
0.0099940299987793
0.0101770162582397
0.0100489854812622
0.0100129842758179
0.0100580453872681
0.0101419687271118
0.0098869800567627
0.010208010673523
0.0100879669189453
0.00991904735565186
0.0100669860839844
0.0100769996643066
0.00999295711517334
0.0101070404052734
0.010032057762146
0.0104349851608276
0.00980401039123535
0.00998294353485107
0.0101879835128784
0.0100150108337402
0.00994396209716797
0.00995206832885742
0.0103570222854614