0.00955796241760254
0.0100439786911011
0.00999701023101807
0.0100470781326294
0.0101059675216675
0.00982201099395752
0.0101749897003174
0.0098949670791626
0.0099409818649292
0.0102720260620117
0.00986802577972412
0.0101109743118286
0.00996696949005127
0.00989305973052978
0.0100070238113403
0.01003098487854
0.00992703437805176
0.00987100601196289
0.00985097885131836
0.00998198986053467
0.00992000102996826
0.0102609395980835
0.0099480152130127
0.00994598865509033
0.0101879835128784
0.00998306274414062
0.0100799798965454
0.00988399982452393
0.00988996028900146
0.00996410846710205
0.0101488828659058
0.00992000102996826
0.0100580453872681
0.0099179744720459
0.01003098487854
0.00987005233764648
0.0099949836730957
0.0100010633468628
0.0100429058074951
0.00981700420379639
0.0100270509719849
0.0100840330123901
0.00985491275787354
0.0100980997085571
0.0100479125976562
0.00984108448028564
0.0101629495620728
0.00982499122619629
0.0100840330123901
0.00985801219940186
0.0101460218429565
0.00997090339660644
0.00982904434204102
0.0105429887771606
0.00964999198913574
0.0098719596862793
0.00987005233764648
0.00997805595397949
0.0101059675216675
0.0101429224014282
0.00995302200317383
0.00990498065948486
0.00998210906982422
0.00998592376708984
0.00987398624420166
0.0100890398025513
0.0100979804992676
0.00979697704315186
0.0100650787353516
0.0100609064102173
0.009971022605896
0.0115600824356079
0.00822889804840088
0.0101050138473511
0.0101250410079956
0.0100229978561401
0.00995802879333496
0.0100159645080566
0.00995194911956787
0.00993406772613525
0.0100460052490234
0.00996994972229004
0.00999999046325684
0.00983905792236328
0.010079026222229
0.00997495651245117
0.0103030204772949
0.0095369815826416
0.0100719928741455
0.0101079940795898
0.00987601280212402
0.0101859569549561
0.0100539922714233
0.00982010364532471
0.00997292995452881
0.00996100902557373
0.00995898246765137
0.00996506214141846
0.0101069211959839
0.00979900360107422
0.00990700721740723
0.0100669860839844
0.0100600719451904
0.0099480152130127
0.0099189281463623
0.0100090503692627
0.0101159811019897
0.0098719596862793
0.0104900598526001
0.00979793071746826
0.00985407829284668
0.00980591773986816
0.010080099105835
0.0101919174194336
0.00985503196716309
0.0100829601287842
0.00978600978851318
0.00992703437805176
0.0100400447845459
0.00994789600372314
0.0101180076599121
0.00988709926605225
0.0100259780883789
0.0100799798965454
0.00978493690490723
0.0100250244140625
0.010066032409668
0.00989198684692383
0.0101749897003174
0.0099869966506958
0.00997602939605713
0.00995504856109619
0.00995993614196777
0.0099489688873291
0.0101879835128784
0.00993108749389648
0.0099250078201294
0.010138988494873
0.00987899303436279
0.00993692874908447
0.00993204116821289
0.0100209712982178
0.00999307632446289
0.00994694232940674
0.00982105731964111
0.00998902320861816
0.00999093055725098
0.0102159976959229
0.0100409984588623
0.00998902320861816
0.010098934173584
0.00988209247589111
0.00992393493652344
0.0100700855255127
0.0101509094238281
0.00978207588195801
0.00982093811035156
0.0100359916687012
0.0100409984588623
0.00988507270812988
0.00997793674468994
0.0100339651107788
0.0100240707397461
0.0101330280303955
0.0099639892578125
0.00983691215515137
0.00998306274414062
0.0102219581604004
0.00980305671691894
0.00992703437805176
0.0100469589233398
0.00993597507476807
0.0100070238113403
0.00996196269989014
0.0100650787353516
0.0099179744720459
0.0100280046463013
0.0100349187850952
0.00995302200317383
0.00992906093597412
0.00998091697692871
0.0101100206375122
0.00995898246765137
0.00995504856109619
0.0100250244140625
0.00986301898956299
0.0103029012680054
0.00977301597595215
0.0100840330123901
0.00996994972229004
0.0100140571594238
0.00998103618621826
0.00990700721740723
0.00999701023101807
0.00995898246765137
0.010024905204773
0.00996005535125732
0.0100679397583008
0.0100170373916626
0.00977003574371338
0.0100849866867065
0.0101490020751953
0.00983500480651856
0.00990498065948486
0.0100589990615845
0.00988399982452393
0.0101820230484009
0.00985193252563477
0.00999701023101807
0.0101730823516846
0.00987696647644043
0.00994694232940674
0.00997209548950195
0.0099419355392456
0.0101239681243896
0.00998306274414062
0.00998401641845703
0.00985991954803467
0.0100409984588623
0.00993704795837402
0.00991606712341309
0.0100929737091064
0.0101339817047119
0.00982296466827393
0.0100650787353516
0.0103659629821777
0.00966894626617432
0.00985801219940186
0.0100079774856567
0.00998401641845703
0.0100619792938232
0.00988602638244629
0.0101510286331177
0.0102729797363281
0.00967597961425781
0.00982606410980225
0.0100610256195068
0.009956955909729
0.0100679397583008
0.00999307632446289
0.00995397567749023
0.0100070238113403
0.0102059841156006
0.00969099998474121
0.0101410150527954
0.00985598564147949
0.00997495651245117
0.0100010633468628
0.0099560022354126
0.00996291637420654
0.0100250244140625
0.0102930068969727
0.00964903831481934
0.0100100040435791
0.00999999046325684
0.00995099544525146
0.0100059509277344
0.0100020170211792
0.0106390714645386
0.0093299150466919
0.0100409984588623
0.00993108749389648
0.0102989673614502
0.00970101356506348
0.00998795032501221
0.00995397567749023
0.0100470781326294
0.00985002517700195
0.010395884513855
0.00966906547546387
0.0100380182266235
0.00994002819061279
0.0100079774856567
0.00996601581573486
0.0100909471511841
0.0101410150527954
0.00971102714538574
0.0101659297943115
0.00983202457427978
0.00996196269989014
0.0100710391998291
0.0100799798965454
0.00990104675292969
0.00991296768188477
0.010140061378479
0.00986194610595703
0.009956955909729
0.0100600719451904
0.0099259614944458
0.0101059675216675
0.00979602336883545
0.0103349685668945
0.00982308387756348
0.0099250078201294
0.0102839469909668
0.00987601280212402
0.00986599922180176
0.0101580619812012
0.0098339319229126
0.00989305973052978
0.00994300842285156
0.0100018978118896
0.010080099105835
0.00994789600372314
0.0100240707397461
0.00977098941802978
0.0100389719009399
0.00988399982452393
0.0101569890975952
0.00984203815460205
0.0110149383544922
0.00888800621032715
0.00998198986053467
0.0101799964904785
0.00994610786437988
0.00993692874908447
0.0102519989013672
0.00981605052947998
0.0100100040435791
0.0100159645080566
0.0101460218429565
0.0098109245300293
0.0100030899047852
0.0100809335708618
0.00981199741363525
0.0100300312042236
0.0099790096282959
0.0100029706954956
0.00990700721740723
0.00998806953430176
0.0100259780883789
0.0098879337310791
0.0100100040435791
0.0101500749588013
0.00982797145843506
0.0100629329681396
0.0101330280303955
0.0099179744720459
0.0100140571594238
0.00991201400756836
0.0098639726638794
0.0101959705352783
0.00992202758789062
0.00994300842285156
0.00978398323059082
0.0102449655532837
0.0099869966506958
0.00997710227966309
0.00978195667266846
0.0105960369110107
0.00965595245361328
0.00998198986053467
0.00983107089996338
0.00998795032501221
0.00995993614196777
0.0100550651550293
0.0102779865264893
0.00977098941802978
0.0099259614944458
0.00997304916381836
0.0099560022354126
0.0100460052490234
0.0100380182266235
0.010066032409668
0.00998091697692871
0.00989007949829102
0.0100209712982178
0.00994396209716797
0.00996899604797363
0.0100110769271851
0.0099719762802124
0.0100280046463013
0.0101100206375122
0.00978195667266846
0.00999295711517334
0.00999200344085693
0.010032057762146
0.00998198986053467
0.0099250078201294
0.0100259780883789
0.0100319385528564
0.00995504856109619
0.00997602939605713
0.0101829767227173
0.00978899002075195
0.0100569725036621
0.0100830793380737
0.00997400283813477
0.00987100601196289
0.00997698307037354
0.0102909803390503
0.00970399379730225
0.00991702079772949
0.0100319385528564
0.00997507572174072
0.00997793674468994
0.0100940465927124
0.00992298126220703
0.0100270509719849
0.00988495349884033
0.00996494293212891
0.0101180076599121
0.0100610256195068
0.00985395908355713
0.00995504856109619
0.00996196269989014
0.010079026222229
0.0100359916687012
0.00987303256988525
0.00996696949005127
0.0100430250167847
0.0100589990615845
0.00999605655670166
0.009895920753479
0.0100950002670288
0.00990808010101318
0.0100349187850952
0.00992405414581299
0.0099259614944458
0.0100899934768677
0.00981402397155762
0.0103529691696167
0.00969207286834717
0.00999593734741211
0.0102180242538452
0.00969195365905762
0.0100950002670288
0.00992202758789062
0.0100229978561401
0.0103110074996948
0.00974798202514648
0.0101020336151123
0.0101079940795898
0.00979399681091309
0.0101449489593506
0.00996208190917969
0.0100579261779785
0.00965499877929688
0.0099639892578125
0.0101230144500732
0.0103499889373779
0.00994503498077393
0.009956955909729
0.0100330114364624
0.00994300842285156
0.00997602939605713
0.0101150274276733
0.0098879337310791
0.010017991065979
0.00988304615020752
0.0099029541015625
0.0101430416107178
0.0100289583206177
0.0100010633468628
0.00973796844482422
0.010004997253418
0.0102139711380005
0.00973904132843018
0.0103180408477783
0.00979995727539062
0.010066032409668
0.00983202457427978
0.0101180076599121
0.00996494293212891
0.00998902320861816
0.0101339817047119
0.00993204116821289
0.00990796089172363
0.010125994682312
0.00975203514099121
0.0101950168609619
0.00991594791412354
0.00997805595397949
0.00986599922180176
0.0100829601287842
0.00997793674468994
0.0100120306015015
0.00998198986053467
0.00995802879333496
0.0100419521331787
0.0101100206375122
0.00975501537322998
0.0100860595703125
0.00995194911956787
0.0101150274276733
0.00976502895355225
0.0101069211959839
0.0100400447845459
0.00996303558349609
0.00987493991851807
0.0100690126419067
0.00998795032501221
0.0102560520172119
0.0095900297164917
0.0101699829101562
0.0100239515304565
0.00998401641845703
0.00980103015899658
0.0100799798965454
0.0101150274276733