0.0098259449005127
0.0100090503692627
0.00991392135620117
0.0100700855255127
0.010016918182373
0.0100389719009399
0.0100361108779907
0.0100739002227783
0.0100890398025513
0.0102560520172119
0.00998389720916748
0.00993502140045166
0.010113000869751
0.00996601581573486
0.0103000402450562
0.00995802879333496
0.0101139545440674
0.0099419355392456
0.0102740526199341
0.00993001461029053
0.010187029838562
0.00987792015075684
0.0100440979003906
0.0100729465484619
0.00999903678894043
0.00999200344085693
0.0102139711380005
0.0098949670791626
0.0101690292358398
0.0100870132446289
0.0100339651107788
0.00986599922180176
0.010113000869751
0.00989603996276856
0.0100959539413452
0.0101280212402344
0.01009202003479
0.0100209712982178
0.0101319551467896
0.0101110935211182
0.0100749731063843
0.00973093509674072
0.010066032409668
0.0100209712982178
0.0101320743560791
0.0100539922714233
0.0101560354232788
0.0101739168167114
0.0100389719009399
0.0100840330123901
0.0100259780883789
0.0103340148925781
0.00978100299835205
0.0100699663162231
0.009971022605896
0.0101670026779175
0.00994908809661865
0.0100399255752563
0.0103670358657837
0.00970697402954102
0.010077953338623
0.0100550651550293
0.00999796390533447
0.0100330114364624
0.0100469589233398
0.010403037071228
0.00970602035522461
0.0100259780883789
0.0100929737091064
0.00997209548950195
0.0100579261779785
0.00997304916381836
0.0100879669189453
0.0104770660400391
0.00966989994049072
0.00992703437805176
0.0100580453872681
0.0100839138031006
0.0101050138473511
0.0103060007095337
0.00978600978851318
0.0099949836730957
0.0101600885391235
0.0098799467086792
0.0102150440216064
0.00986695289611816
0.0105249881744385
0.00977301597595215
0.00996804237365723
0.0101180076599121
0.00993692874908447
0.00999701023101807
0.0102419853210449
0.01015305519104
0.00987303256988525
0.0136369466781616
0.00610494613647461
0.0101410150527954
0.00996303558349609
0.0101089477539062
0.0102900266647339
0.0100200176239014
0.0100899934768677
0.0100010633468628
0.0100549459457397
0.0100040435791016
0.0100259780883789
0.0102720260620117
0.00977694988250732
0.0100129842758179
0.0101580619812012
0.0100499391555786
0.0100280046463013
0.0100140571594238
0.0101189613342285
0.00994300842285156
0.0100940465927124
0.00994992256164551
0.0099560022354126
0.0102150440216064
0.010159969329834
0.00995194911956787
0.0100350379943848
0.0100200176239014
0.0101100206375122
0.0100569725036621
0.0100550651550293
0.00990796089172363
0.0100950002670288
0.0100849866867065
0.0100150108337402
0.0100530385971069
0.0100749731063843
0.0100139379501343
0.0100520849227905
0.0100209712982178
0.010085940361023
0.0100730657577515
0.00999200344085693
0.0100870132446289
0.00999295711517334
0.0100489854812622
0.0100619792938232
0.01003098487854
0.0100100040435791
0.0101000070571899
0.0100539922714233
0.0100510120391846
0.0100830793380737
0.0100119113922119
0.0100210905075073
0.0100688934326172
0.00999903678894043
0.010113000869751
0.00999605655670166
0.0104529857635498
0.00965702533721924
0.00999701023101807
0.0100619792938232
0.0100100040435791
0.0101659297943115
0.00992608070373535
0.0100479125976562
0.0100899934768677
0.0100030899047852
0.0100839138031006
0.00999009609222412
0.0100789070129395
0.0100710391998291
0.00995194911956787
0.0100940465927124
0.0101189613342285
0.0099860429763794
0.0100799798965454
0.0106899738311768
0.00955700874328613
0.00994598865509033
0.0100070238113403
0.0100439786911011
0.0100840330123901
0.00999701023101807
0.0100469589233398
0.0100359916687012
0.0100520849227905
0.00996601581573486
0.0101879835128784
0.0100429058074951
0.0100220441818237
0.0099799633026123
0.0104190111160278
0.0096060037612915
0.0101150274276733
0.0100480318069458
0.0100640058517456
0.0127999782562256
0.0070730447769165
0.01025390625
0.00985598564147949
0.00999808311462402
0.0103379487991333
0.0100010633468628
0.0100380182266235
0.0100558996200562
0.010017991065979
0.0100311040878296
0.0100489854812622
0.0100489854812622
0.0100489854812622
0.0100270509719849
0.00997793674468994
0.010172963142395
0.0100539922714233
0.00999510288238525
0.0100558996200562
0.010017991065979
0.0100671052932739
0.010024905204773
0.0101140737533569
0.0100159645080566
0.0100350379943848
0.0100029706954956
0.0100679397583008
0.0100430250167847
0.010066032409668
0.0100209712982178
0.0100640058517456
0.0100460052490234
0.00998997688293457
0.0100409984588623
0.0100899934768677
0.0100350379943848
0.0101090669631958
0.00999999046325684
0.0100599527359009
0.0100029706954956
0.0100409984588623
0.0100330114364624
0.0100569725036621
0.0100600719451904
0.0100809335708618
0.00999200344085693
0.0101220607757568
0.0100159645080566
0.0101140737533569
0.00996291637420654
0.0100290775299072
0.0100229978561401
0.0100739002227783
0.0100409984588623
0.0100010633468628
0.0101490020751953
0.0100820064544678
0.00998795032501221
0.0100990533828735
0.00993692874908447
0.0100910663604736
0.0100909471511841
0.00993001461029053
0.010159969329834
0.00994598865509033
0.0100580453872681
0.0100899934768677
0.0100400447845459
0.0100009441375732
0.0100489854812622
0.0100610256195068
0.0103549957275391
0.00971102714538574
0.0100760459899902
0.0099949836730957
0.0101410150527954
0.00995492935180664
0.0101410150527954
0.0102310180664062
0.00977194309234619
0.0103440284729004
0.00973200798034668
0.0099940299987793
0.00993192195892334
0.010127067565918
0.0105400085449219
0.00964200496673584
0.00981700420379639
0.0102429389953613
0.0101250410079956
0.010017991065979
0.0100079774856567
0.0104060173034668
0.00967395305633545
0.0101261138916016
0.00994992256164551
0.0098869800567627
0.0100210905075073
0.0100059509277344
0.0103399753570557
0.0096510648727417
0.0099790096282959
0.0101189613342285
0.0100599527359009
0.0102750062942505
0.0100460052490234
0.0101150274276733
0.00994694232940674
0.0100980997085571
0.00993800163269043
0.0101029872894287
0.0100069046020508
0.010235071182251
0.00984001159667969
0.010113000869751
0.0100979804992676
0.0100220441818237
0.0100399255752563
0.0100870132446289
0.0099799633026123
0.0100280046463013
0.0100640058517456
0.0100040435791016
0.0101100206375122
0.00997400283813477
0.0101209878921509
0.0101059675216675
0.0103349685668945
0.00979602336883545
0.00999999046325684
0.0100610256195068
0.00998497009277344
0.0100840330123901
0.0100129842758179
0.0103039741516113
0.00981104373931885
0.00997805595397949
0.010145902633667
0.0100120306015015
0.0101090669631958
0.00998198986053467
0.0103780031204224
0.00975692272186279
0.00992000102996826
0.0101929903030396
0.0100400447845459
0.0100599527359009
0.00999200344085693
0.0104010105133057
0.00971603393554688
0.0100239515304565
0.010079026222229
0.0100380182266235
0.0100270509719849
0.0100789070129395
0.0103640556335449
0.00964093208312988
0.0100610256195068
0.0100950002670288
0.0100530385971069
0.0100170373916626
0.0100089311599731
0.0104150772094727
0.00973498821258545
0.0100319385528564
0.0100420713424683
0.0100609064102173
0.0100359916687012
0.0100500583648682
0.0103549957275391
0.00978004932403564
0.00996291637420654
0.0100430250167847
0.00995302200317383
0.0101009607315063
0.0102579593658447
0.0102910995483398
0.00973701477050781
0.00999689102172852
0.0100120306015015
0.0100070238113403
0.010138988494873
0.0103130340576172
0.00996792316436768
0.00967109203338623
0.0100979804992676
0.0099949836730957
0.010051965713501
0.0101330280303955
0.00999999046325684
0.0103440284729004
0.00980103015899658
0.0100549459457397
0.00983905792236328
0.00995898246765137
0.0100070238113403
0.0100328922271729
0.00994706153869629
0.0102349519729614
0.0101100206375122
0.00985300540924072
0.010079026222229
0.0100389719009399
0.0099860429763794
0.0103830099105835
0.0101239681243896
0.0100339651107788
0.0100140571594238
0.0100659132003784
0.0100240707397461
0.0100799798965454
0.0103249549865723
0.009674072265625
0.0101200342178345
0.0100688934326172
0.0103120803833008
0.00972402095794678
0.0100688934326172
0.0103530883789062
0.00978600978851318
0.0100380182266235
0.0100539922714233
0.0100198984146118
0.0100160837173462
0.00995397567749023
0.0101549625396729
0.0100769996643066
0.00999999046325684
0.0100849866867065
0.0100960731506348
0.009971022605896
0.00999093055725098
0.0100970268249512
0.00973296165466309
0.00992107391357422
0.0102229118347168
0.0100491046905518
0.0101379156112671
0.01003098487854
0.0100810527801514
0.0101809501647949
0.0100589990615845
0.0100140571594238
0.0100280046463013
0.0100339651107788
0.0100760459899902
0.0100299119949341
0.0100851058959961
0.0100219249725342
0.0100669860839844
0.00995206832885742
0.0101079940795898
0.0103399753570557
0.00973296165466309
0.01003098487854
0.0100390911102295
0.0100529193878174
0.0100420713424683
0.0100820064544678
0.0103849172592163
0.0097050666809082
0.010098934173584
0.0100290775299072
0.0100769996643066
0.0100259780883789
0.0100079774856567
0.0103180408477783
0.00975298881530762
0.0100729465484619
0.0100090503692627
0.0100380182266235
0.0100719928741455
0.0100339651107788
0.010329008102417
0.00973796844482422
0.0100340843200684
0.0101079940795898
0.0100489854812622
0.0100879669189453
0.00996804237365723
0.0100280046463013
0.010024905204773
0.0099940299987793
0.0106030702590942
0.00955092906951904
0.0100489854812622
0.0100160837173462
0.0100699663162231
0.0100229978561401
0.0100460052490234
0.0100079774856567
0.00997006893157959
0.0101979970932007
0.00994396209716797
0.0101909637451172
0.00999999046325684
0.0100229978561401
0.00993108749389648
0.0114169120788574
0.0086280107498169
0.00999903678894043
0.0100209712982178
0.0103609561920166
0.0100040435791016
0.00999295711517334