0.00991296768188477
0.00998306274414062
0.00999593734741211
0.00993609428405762
0.0100569725036621
0.0100560188293457
0.00986993312835693
0.00991809368133545
0.0101358890533447
0.00989210605621338
0.00997793674468994
0.0100669860839844
0.00991904735565186
0.009971022605896
0.00999200344085693
0.0100729465484619
0.00999701023101807
0.0147750377655029
0.00521600246429443
0.00996601581573486
0.0100549459457397
0.00995194911956787
0.0100070238113403
0.0100830793380737
0.00999999046325684
0.00998592376708984
0.0101140737533569
0.00989794731140137
0.00992798805236816
0.00993907451629639
0.0100868940353394
0.0100340843200684
0.00987601280212402
0.0100489854812622
0.0100799798965454
0.0099409818649292
0.0100120306015015
0.00995302200317383
0.00993597507476807
0.0102039575576782
0.0099409818649292
0.00984001159667969
0.0101200342178345
0.00986695289611816
0.00985205173492432
0.0100170373916626
0.0100969076156616
0.0100600719451904
0.00977194309234619
0.0100389719009399
0.0100830793380737
0.0099489688873291
0.0101050138473511
0.00991296768188477
0.0099179744720459
0.0100030899047852
0.0100409984588623
0.00994491577148438
0.0100980997085571
0.00992989540100098
0.0100980997085571
0.0098029375076294
0.0099940299987793
0.00994694232940674
0.0105890035629272
0.00951898097991943
0.0101031064987183
0.00990390777587891
0.00991606712341309
0.0100079774856567
0.00999200344085693
0.00992000102996826
0.0100090503692627
0.0100229978561401
0.00994992256164551
0.0101900100708008
0.00981497764587402
0.00993704795837402
0.0101699829101562
0.00983905792236328
0.010146975517273
0.00974798202514648
0.0101430416107178
0.00998497009277344
0.00989294052124023
0.00999903678894043
0.0101159811019897
0.00993096828460693
0.0100300312042236
0.00985002517700195
0.0101490020751953
0.00980699062347412
0.00994396209716797
0.0100070238113403
0.0101310014724731
0.00992107391357422
0.0101009607315063
0.00997292995452881
0.00996303558349609
0.00987899303436279
0.0101220607757568
0.00997400283813477
0.0100969076156616
0.00982809066772461
0.00991594791412354
0.0099409818649292
0.0102859735488892
0.00981807708740234
0.010146975517273
0.00994503498077393
0.010016918182373
0.0100250244140625
0.00979197025299072
0.00996303558349609
0.0100359916687012
0.01003098487854
0.0100250244140625
0.0100669860839844
0.00990808010101318
0.00980997085571289
0.010079026222229
0.0099869966506958
0.010221004486084
0.0098639726638794
0.0100499391555786
0.00981199741363525
0.0101420879364014
0.00980997085571289
0.0100319385528564
0.0100550651550293
0.010113000869751
0.00989699363708496
0.00988996028900146
0.00997400283813477
0.0100460052490234
0.0098639726638794
0.0101970434188843
0.00994300842285156
0.0100419521331787
0.00996899604797363
0.00985801219940186
0.00997805595397949
0.010077953338623
0.00994002819061279
0.0101020336151123
0.0100139379501343
0.00999999046325684
0.0100090503692627
0.00982701778411865
0.0100909471511841
0.00992107391357422
0.0100799798965454
0.0099719762802124
0.0101070404052734
0.00978493690490723
0.0100820064544678
0.00990605354309082
0.00997090339660644
0.0099790096282959
0.00989007949829102
0.0102429389953613
0.00982296466827393
0.0101720094680786
0.00993108749389648
0.00988197326660156
0.00998103618621826
0.00995397567749023
0.0103600025177002
0.00972402095794678
0.0100359916687012
0.0100369453430176
0.00988006591796875
0.00982296466827393
0.0100840330123901
0.0101059675216675
0.00995397567749023
0.0100829601287842
0.0097661018371582
0.0102099180221558
0.00989806652069092
0.0100659132003784
0.00994706153869629
0.0100040435791016
0.00989294052124023
0.00995802879333496
0.0100889205932617
0.010079026222229
0.009909987449646
0.0100760459899902
0.00984799861907959
0.00999593734741211
0.0100280046463013
0.00985002517700195
0.00998008251190186
0.0100339651107788
0.0101169347763062
0.00998103618621826
0.0100599527359009
0.00982809066772461
0.0100139379501343
0.00995099544525146
0.00998508930206299
0.00995194911956787
0.0102239847183228
0.00991904735565186
0.0100119113922119
0.00986802577972412
0.0100420713424683
0.00993597507476807
0.0099329948425293
0.0103130340576172
0.0098259449005127
0.00993001461029053
0.0099560022354126
0.00995099544525146
0.0101510286331177
0.0098869800567627
0.0100070238113403
0.00989794731140137
0.0100489854812622
0.0100430250167847
0.00998497009277344
0.0099480152130127
0.0103709697723389
0.0095440149307251
0.0100200176239014
0.0102180242538452
0.00968194007873535
0.0102530717849731
0.0103379487991333
0.00944304466247559
0.00999796390533447
0.0100290775299072
0.0102699995040894
0.00962197780609131
0.00996792316436768
0.0100890398025513
0.00998997688293457
0.0101250410079956
0.00982201099395752
0.00993001461029053
0.0100560188293457
0.0099799633026123
0.00992894172668457
0.0100220441818237
0.00997602939605713
0.0100139379501343
0.010004997253418
0.00996804237365723
0.00995004177093506
0.00999891757965088
0.0099869966506958
0.0110870599746704
0.00890493392944336
0.00988900661468506
0.00999307632446289
0.0100629329681396
0.00999200344085693
0.0100170373916626
0.00995397567749023
0.00998497009277344
0.0100040435791016
0.0100170373916626
0.00995194911956787
0.00996303558349609
0.0100059509277344
0.0101090669631958
0.0099179744720459
0.00995802879333496
0.00999999046325684
0.0100359916687012
0.00993502140045166
0.00985097885131836
0.0100669860839844
0.0100389719009399
0.00992405414581299
0.0100729465484619
0.0101139545440674
0.0100120306015015
0.00981307029724121
0.00999200344085693
0.0101859569549561
0.00998103618621826
0.0100139379501343
0.00979995727539062
0.0101920366287231
0.00972402095794678
0.0099339485168457
0.0101090669631958
0.0099940299987793
0.00994300842285156
0.0101319551467896
0.00989198684692383
0.00995099544525146
0.0101189613342285
0.00984609127044678
0.00997495651245117
0.0100469589233398
0.0100680589675903
0.00991201400756836
0.00985491275787354
0.0101580619812012
0.0100469589233398
0.00987398624420166
0.00994503498077393
0.00996804237365723
0.0101959705352783
0.00995504856109619
0.00990891456604004
0.0100539922714233
0.00999104976654053
0.00998198986053467
0.00992703437805176
0.0100250244140625
0.0098799467086792
0.00998103618621826
0.0100089311599731
0.00999200344085693
0.0102050304412842
0.0101410150527954
0.00956296920776367
0.0100439786911011
0.0101450681686401
0.00990796089172363
0.00989699363708496
0.0101319551467896
0.00992906093597412
0.0101629495620728
0.00977802276611328
0.0101410150527954
0.00984001159667969
0.0101699829101562
0.00991499423980713
0.0100409984588623
0.00982403755187988
0.0101200342178345
0.00978696346282959
0.0101449489593506
0.00998008251190186
0.0100469589233398
0.00983500480651856
0.0102800130844116
0.00986897945404053
0.00984597206115723
0.00990605354309082
0.0102289915084839
0.00996303558349609
0.00999689102172852
0.00977301597595215
0.0101290941238403
0.010145902633667
0.00988101959228516
0.00983798503875732
0.0101879835128784
0.00986111164093018
0.01025390625
0.00963997840881348
0.0101300477981567
0.00997602939605713
0.00995802879333496
0.0099639892578125
0.0100319385528564
0.0099940299987793
0.00997495651245117
0.00986504554748535
0.0101970434188843
0.009956955909729
0.00996994972229004
0.00979399681091309
0.0100280046463013
0.0101140737533569
0.00985002517700195
0.0100119113922119
0.0101710557937622
0.00994694232940674
0.0100489854812622
0.00981104373931885
0.0101009607315063
0.00990104675292969
0.0100200176239014
0.00987303256988525
0.0101369619369507
0.00999200344085693
0.0099409818649292
0.00999999046325684
0.0100680589675903
0.010016918182373
0.00996601581573486
0.00997698307037354
0.0100120306015015
0.00997698307037354
0.00996601581573486
0.00990200042724609
0.0101100206375122
0.00999093055725098
0.0100820064544678
0.00983905792236328
0.0100029706954956
0.0100439786911011
0.0099860429763794
0.00987696647644043
0.0101439952850342
0.00986599922180176
0.0100120306015015
0.00993001461029053
0.0100400447845459
0.0102449655532837
0.00971198081970215
0.00988900661468506
0.0101460218429565
0.0100289583206177
0.00997805595397949
0.00973999500274658
0.010221004486084
0.0100549459457397
0.00988805294036865
0.00989294052124023
0.0101580619812012
0.00994598865509033
0.0100889205932617
0.00979208946228027
0.0100479125976562
0.0100170373916626
0.010051965713501
0.0100359916687012
0.00988006591796875
0.00989294052124023
0.0100980997085571
0.00992989540100098
0.010019063949585
0.0100159645080566
0.0102180242538452
0.00978899002075195
0.0102319717407227
0.00982809066772461
0.0101449489593506
0.00992095470428467
0.010187029838562
0.00951206684112549
0.0103319883346558
0.0099179744720459
0.0099179744720459
0.010138988494873
0.00992906093597412
0.01003098487854
0.0099189281463623
0.0100030899047852
0.0100009441375732
0.00996303558349609
0.0100489854812622
0.0100610256195068
0.00999200344085693
0.010206937789917
0.00978100299835205
0.00986599922180176
0.009909987449646
0.0100539922714233
0.0102380514144897
0.00984299182891846
0.00987398624420166
0.0101059675216675
0.00974798202514648
0.0101150274276733
0.0100619792938232
0.00995099544525146
0.00995206832885742
0.0100430250167847
0.01009202003479
0.00991189479827881
0.00997507572174072
0.00996291637420654
0.0100480318069458
0.00993204116821289
0.0099109411239624
0.0099639892578125
0.0101521015167236
0.00992894172668457
0.00994205474853516
0.0101149082183838
0.0100090503692627
0.00992703437805176
0.00988996028900146
0.0100970268249512
0.0100679397583008
0.00989305973052978
0.00990498065948486
0.0100510120391846
0.00994002819061279
0.00993895530700684
0.010064959526062
0.0099790096282959
0.0101020336151123
0.0099029541015625
0.00990200042724609
0.00981605052947998
0.010113000869751
0.0101799964904785
0.00993502140045166
0.0100189447402954
0.0100200176239014
