0.00981807708740234
0.0100189447402954
0.0100229978561401
0.0099860429763794
0.00993204116821289
0.0100409984588623
0.00997090339660644
0.0103950500488281
0.00956904888153076
0.0104169845581055
0.00971400737762451
0.0100560188293457
0.00992691516876221
0.0100710391998291
0.0100269317626953
0.0100140571594238
0.0101369619369507
0.0100080966949463
0.0101538896560669
0.00982999801635742
0.0100220441818237
0.00986206531524658
0.00985288619995117
0.0103970766067505
0.00975394248962402
0.0099869966506958
0.0099869966506958
0.00997400283813477
0.0103530883789062
0.00966596603393555
0.00997400283813477
0.00993895530700684
0.0100960731506348
0.010077953338623
0.0098949670791626
0.00993609428405762
0.01003098487854
0.010017991065979
0.0103369951248169
0.00948894023895264
0.0104629993438721
0.00961709022521973
0.0100529193878174
0.0102239847183228
0.0095980167388916
0.009971022605896
0.0099329948425293
0.0100070238113403
0.0102689266204834
0.00981009006500244
0.00988495349884033
0.0101640224456787
0.00974392890930176
0.0100060701370239
0.00979900360107422
0.010079026222229
0.00977396965026856
0.0104379653930664
0.00995397567749023
0.0095750093460083
0.0100010633468628
0.0101529359817505
0.0099869966506958
0.0100280046463013
0.0100719928741455
0.0100090503692627
0.00993502140045166
0.00995993614196777
0.0100849866867065
0.00990009307861328
0.00996601581573486
0.0100818872451782
0.00989103317260742
0.0101029872894287
0.00997602939605713
0.0098869800567627
0.00999999046325684
0.0102130174636841
0.00984597206115723
0.0100830793380737
0.00973701477050781
0.0104219913482666
0.00961792469024658
0.0104250907897949
0.00971591472625732
0.00997507572174072
0.00989091396331787
0.0101040601730347
0.00982201099395752
0.0100009441375732
0.0100380182266235
0.00996506214141846
0.00990200042724609
0.0101848840713501
0.00981402397155762
0.0100140571594238
0.00996792316436768
0.0100290775299072
0.0101000070571899
0.0100009441375732
0.00987899303436279
0.0100129842758179
0.0100460052490234
0.00993704795837402
0.00994598865509033
0.0099639892578125
0.0100070238113403
0.0100330114364624
0.0099489688873291
0.00996100902557373
0.0103750228881836
0.00964796543121338
0.0100840330123901
0.0099109411239624
0.00988805294036865
0.0100330114364624
0.0101709365844727
0.00983202457427978
0.0100879669189453
0.00999605655670166
0.0100270509719849
0.00982797145843506
0.0100839138031006
0.00986206531524658
0.0100489854812622
0.0100140571594238
0.00994694232940674
0.0100690126419067
0.00974893569946289
0.0101600885391235
0.0099109411239624
0.00997507572174072
0.010159969329834
0.0099480152130127
0.0099799633026123
0.0103089809417725
0.00958597660064697
0.0101360082626343
0.00985705852508545
0.0100970268249512
0.0100269317626953
0.00984704494476318
0.0100489854812622
0.0098949670791626
0.00999701023101807
0.0100229978561401
0.00996601581573486
0.0101139545440674
0.00987005233764648
0.00998401641845703
0.00998401641845703
0.0100119113922119
0.0100510120391846
0.0098869800567627
0.00994706153869629
0.0100489854812622
0.00996303558349609
0.010146975517273
0.00980997085571289
0.010017991065979
0.00999200344085693
0.010019063949585
0.0102969408035278
0.00970399379730225
0.00995004177093506
0.0100560188293457
0.00985395908355713
0.0100760459899902
0.00992894172668457
0.00995504856109619
0.0100569725036621
0.0099799633026123
0.0100489854812622
0.00991606712341309
0.00996494293212891
0.0100240707397461
0.00996196269989014
0.0101020336151123
0.00987303256988525
0.00995993614196777
0.00998103618621826
0.0100369453430176
0.00999307632446289
0.0100709199905396
0.00995206832885742
0.00998902320861816
0.00996899604797363
0.0100229978561401
0.00994694232940674
0.00997495651245117
0.0100170373916626
0.009909987449646
0.0101300477981567
0.0098639726638794
0.0100380182266235
0.010187029838562
0.00976693630218506
0.0102670192718506
0.00973999500274658
0.0099489688873291
0.0100270509719849
0.00986194610595703
0.0100080966949463
0.00992989540100098
0.011207103729248
0.00906193256378174
0.0117820501327515
0.00804901123046875
0.0100629329681396
0.00977504253387451
0.0100950002670288
0.00984692573547363
0.01015305519104
0.0099179744720459
0.0120630264282227
0.00791895389556885
0.0100510120391846
0.00994706153869629
0.0101979970932007
0.0100889205932617
0.00964903831481934
0.00998198986053467
0.0100489854812622
0.00987708568572998
0.0100209712982178
0.0100070238113403
0.0099489688873291
0.00995397567749023
0.0103080272674561
0.00975596904754639
0.00990903377532959
0.0100729465484619
0.00989603996276856
0.0100489854812622
0.0100059509277344
0.0105040073394775
0.00944507122039795
0.00995802879333496
0.00998389720916748
0.0099940299987793
0.00998198986053467
0.0100810527801514
0.0099409818649292
0.0100619792938232
0.00993096828460693
0.0100030899047852
0.00998497009277344
0.009971022605896
0.0100299119949341
0.00994002819061279
0.0100870132446289
0.00989902019500732
0.00995504856109619
0.010016918182373
0.00993096828460693
0.00998806953430176
0.00991499423980713
0.0102640390396118
0.00979197025299072
0.00996494293212891
0.0100500583648682
0.00993204116821289
0.0099799633026123
0.0100439786911011
0.00992000102996826
0.0100460052490234
0.00996303558349609
0.0100289583206177
0.00997805595397949
0.00990498065948486
0.0100100040435791
0.00992298126220703
0.0100349187850952
0.0100730657577515
0.00990402698516846
0.0099639892578125
0.00996994972229004
0.00999701023101807
0.0101100206375122
0.009971022605896
0.00996696949005127
0.0100530385971069
0.00991201400756836
0.0099419355392456
0.010032057762146
0.0100479125976562
0.00996208190917969
0.0100029706954956
0.010221004486084
0.00969803333282471
0.0100339651107788
0.00995993614196777
0.0100890398025513
0.00982201099395752
0.0100109577178955
0.0101280212402344
0.00992608070373535
0.0100029706954956
0.0099409818649292
0.0100020170211792
0.00998294353485107
0.0100209712982178
0.0100231170654297
0.00990498065948486
0.0103379487991333
0.00962305068969727
0.00998091697692871
0.0101100206375122
0.00998306274414062
0.0101059675216675
0.00991594791412354
0.00992405414581299
0.00994300842285156
0.0100699663162231
0.0100469589233398
0.00997304916381836
0.00997400283813477
0.0103319883346558
0.00970900058746338
0.0101569890975952
0.00975608825683594
0.00976288318634033
0.0103141069412231
0.0098719596862793
0.0100020170211792
0.00999200344085693
0.00997495651245117
0.0101070404052734
0.00973296165466309
0.0100129842758179
0.0101220607757568
0.0100159645080566
0.0100500583648682
0.00994491577148438
0.00996601581573486
0.0099940299987793
0.00994992256164551
0.0100640058517456
0.00990009307861328
0.0101249217987061
0.00994598865509033
0.00990903377532959
0.0100899934768677
0.00985407829284668
0.010004997253418
0.00996696949005127
0.0100409984588623
0.0100569725036621
0.0101280212402344
0.00977396965026856
0.0099799633026123
0.0100131034851074
0.0101239681243896
0.00982296466827393
0.0099799633026123
0.0100750923156738
0.0099639892578125
0.00998592376708984
0.0106450319290161
0.00929903984069824
0.009971022605896
0.0100109577178955
0.0100209712982178
0.0100480318069458
0.00985801219940186
0.0100239515304565
0.0100100040435791
0.0100250244140625
0.00994396209716797
0.00991308689117432
0.0101429224014282
0.00987207889556885
0.0100839138031006
0.00989401340484619
0.00998306274414062
0.0100009441375732
0.00997400283813477
0.0100990533828735
0.00990796089172363
0.00997495651245117
0.0100530385971069
0.00991201400756836
0.0100289583206177
0.00996005535125732
0.00988399982452393
0.010004997253418
0.00998198986053467
0.0101690292358398
0.0114619731903076
0.0100189447402954
0.010045051574707
0.0101590156555176
0.00980496406555176
0.0098719596862793
0.010113000869751
0.00985503196716309
0.0101350545883179
0.0098869800567627
0.0100439786911011
0.00993502140045166
0.0101169347763062
0.00999009609222412
0.00994598865509033
0.0100069046020508
0.00992000102996826
0.00992703437805176
0.0102189779281616
0.0102500915527344
0.00992190837860107
0.00960409641265869
0.010003924369812
0.010113000869751
0.0101150274276733
0.00976598262786865
0.00996601581573486
0.009956955909729
0.0102750062942505
0.00965499877929688
0.0099869966506958
0.00982201099395752
0.0103200674057007
0.00962996482849121
0.010064959526062
0.00995504856109619
0.0101929903030396
0.00963795185089111
0.0102590322494507
0.00977003574371338
0.0101280212402344
0.0098339319229126
0.0100200176239014
0.00999796390533447
0.0100810527801514
0.010077953338623
0.0100160837173462
0.0099719762802124
0.0102369785308838
0.0100109577178955
0.00983798503875732
0.00993204116821289
0.0100140571594238
0.0102310180664062
0.00973296165466309
0.0100280046463013
0.00999593734741211
0.0101000070571899
0.00992107391357422
0.0098259449005127
0.0102750062942505
0.00975894927978516
0.0100510120391846
0.00992310047149658
0.00997889041900635
0.0103230476379395
0.00972402095794678
0.0100439786911011
0.0100100040435791
0.0101100206375122
0.00980794429779053
0.00985598564147949
0.0101970434188843
0.00987005233764648
0.00996494293212891
0.0100769996643066
0.00994598865509033
0.00979304313659668
0.0103179216384888
0.00983703136444092
0.0101000070571899
0.00983405113220215
0.0101369619369507
0.00992298126220703
0.00996303558349609
0.00998902320861816
0.0101959705352783
0.00969505310058594
0.00996494293212891
0.00981402397155762
0.0104639530181885
0.00977396965026856
0.0100960731506348
0.00984692573547363
0.0101970434188843
0.00983798503875732
0.00996899604797363
0.00983500480651856
0.0103790760040283
0.00960290431976318
0.0101320743560791
0.0100129842758179
0.010233998298645
0.00964903831481934
0.0101490020751953
0.00979292392730713
0.0102940797805786
0.00984096527099609
0.0099179744720459
0.00988399982452393
0.010159969329834
0.00988399982452393