0.0095369815826416
0.0100409984588623
0.009848952293396
0.00997006893157959
0.00990700721740723
0.0100579261779785
0.0100170373916626
0.00981402397155762
0.00998592376708984
0.00986206531524658
0.00990498065948486
0.0104479789733887
0.0096200704574585
0.0183829069137573
0.00666904449462891
0.00747907161712646
0.00719690322875977
0.0101020336151123
0.0100929737091064
0.00978803634643555
0.00969302654266357
0.0101579427719116
0.00985801219940186
0.0099869966506958
0.0100840330123901
0.0103249549865723
0.00961601734161377
0.00989603996276856
0.0099339485168457
0.00991201400756836
0.00997495651245117
0.00992310047149658
0.0103049278259277
0.00962197780609131
0.00982010364532471
0.0100558996200562
0.00995004177093506
0.0100009441375732
0.00988209247589111
0.0101819038391113
0.00970304012298584
0.00984001159667969
0.00988006591796875
0.010017991065979
0.00990498065948486
0.0100740194320679
0.00975298881530762
0.0101069211959839
0.00970208644866943
0.0101019144058228
0.0099940299987793
0.00974404811859131
0.0101779699325562
0.0102829933166504
0.00964200496673584
0.0100740194320679
0.00988101959228516
0.00958597660064697
0.0100330114364624
0.0102689266204834
0.010208010673523
0.0095360279083252
0.00999200344085693
0.0100029706954956
0.00990104675292969
0.00996196269989014
0.00992798805236816
0.0103030204772949
0.00988006591796875
0.00960791110992432
0.00995898246765137
0.00973999500274658
0.010079026222229
0.00963497161865234
0.0103610754013062
0.00954997539520264
0.0100229978561401
0.0100359916687012
0.00981199741363525
0.00996696949005127
0.00999605655670166
0.00996804237365723
0.00991690158843994
0.00997710227966309
0.00984299182891846
0.0100469589233398
0.0099940299987793
0.00987493991851807
0.00993502140045166
0.00996005535125732
0.0099419355392456
0.00990498065948486
0.00991904735565186
0.0101159811019897
0.00984001159667969
0.0101219415664673
0.00961101055145264
0.0101490020751953
0.00990808010101318
0.00995790958404541
0.00983309745788574
0.010016918182373
0.00995099544525146
0.00985908508300781
0.0099419355392456
0.00990796089172363
0.0100750923156738
0.00984299182891846
0.00992798805236816
0.00996494293212891
0.00997006893157959
0.00990796089172363
0.00999104976654053
0.0191659927368164
0.0025789737701416
0.00817596912384033
0.00989103317260742
0.010017991065979
0.00982999801635742
0.00995194911956787
0.00981199741363525
0.00995707511901856
0.00995397567749023
0.0100150108337402
0.00992000102996826
0.00991904735565186
0.0101059675216675
0.00984692573547363
0.00995099544525146
0.00985503196716309
0.00993800163269043
0.0100140571594238
0.0100250244140625
0.00993800163269043
0.0099329948425293
0.00990891456604004
0.00990200042724609
0.00999307632446289
0.0099339485168457
0.00985205173492432
0.00990796089172363
0.00993704795837402
0.0100319385528564
0.0099480152130127
0.0099109411239624
0.0100060701370239
0.00999903678894043
0.00994789600372314
0.0103230476379395
0.00981295108795166
0.010221004486084
0.00973606109619141
0.00982892513275146
0.00996208190917969
0.0100079774856567
0.00991296768188477
0.00997602939605713
0.0102859735488892
0.00955605506896973
0.00997793674468994
0.00994002819061279
0.00991702079772949
0.0099029541015625
0.0101029872894287
0.0102050304412842
0.00961899757385254
0.00996506214141846
0.00980401039123535
0.0100109577178955
0.0100220441818237
0.0102739334106445
0.00965797901153564
0.00985503196716309
0.00994205474853516
0.00997495651245117
0.00979793071746826
0.0101081132888794
0.00981199741363525
0.0101829767227173
0.0098639726638794
0.00979101657867432
0.0100890398025513
0.00987899303436279
0.00990092754364014
0.010017991065979
0.00978708267211914
0.00997698307037354
0.00993895530700684
0.00993204116821289
0.010085940361023
0.00981402397155762
0.0099799633026123
0.0099639892578125
0.00998902320861816
0.00996899604797363
0.00982999801635742
0.0100020170211792
0.00998997688293457
0.0101460218429565
0.00961601734161377
0.00998198986053467
0.00992095470428467
0.0100150108337402
0.00987303256988525
0.0100109577178955
0.0102530717849731
0.00961697101593018
0.0099860429763794
0.00993502140045166
0.00997698307037354
0.00993502140045166
0.0098259449005127
0.0100400447845459
0.00994491577148438
0.0125809907913208
0.00713908672332764
0.00981593132019043
0.00983607769012451
0.0099189281463623
0.010267972946167
0.0101000070571899
0.00979208946228027
0.0100669860839844
0.0098649263381958
0.0100160837173462
0.00993490219116211
0.0099860429763794
0.00981903076171875
0.0100300312042236
0.00983190536499023
0.0100910663604736
0.00986897945404053
0.0099560022354126
0.00984203815460205
0.0101009607315063
0.00988602638244629
0.00991392135620117
0.0100550651550293
0.00985503196716309
0.0099029541015625
0.00994205474853516
0.0100688934326172
0.00985300540924072
0.00985908508300781
0.0100659132003784
0.00985407829284668
0.0100879669189453
0.00976896286010742
0.00998508930206299
0.0100539922714233
0.0098799467086792
0.0100200176239014
0.00991404056549072
0.00991189479827881
0.00990307331085205
0.00997793674468994
0.00995707511901856
0.0098719596862793
0.00997495651245117
0.00992906093597412
0.00990402698516846
0.0099329948425293
0.00999796390533447
0.0101150274276733
0.00974702835083008
0.0100299119949341
0.00990009307861328
0.00991594791412354
0.0102909803390503
0.0096820592880249
0.00982296466827393
0.0101009607315063
0.0103230476379395
0.00961601734161377
0.00986695289611816
0.0101430416107178
0.00959396362304688
0.00996506214141846
0.0100529193878174
0.00987505912780762
0.0100189447402954
0.00986707210540772
0.0103399753570557
0.00953495502471924
0.0100120306015015
0.00989794731140137
0.0100240707397461
0.00994694232940674
0.00988209247589111
0.00977790355682373
0.00986504554748535
0.00982201099395752
0.0100909471511841
0.0099639892578125
0.0099480152130127
0.00989997386932373
0.00996708869934082
0.00995397567749023
0.010085940361023
0.00996804237365723
0.0100530385971069
0.00984799861907959
0.0100150108337402
0.00998592376708984
0.0097740888595581
0.0100439786911011
0.0100299119949341
0.00988507270812988
0.009956955909729
0.00980806350708008
0.0102969408035278
0.00970804691314697
0.00995194911956787
0.00990498065948486
0.010004997253418
0.00986409187316894
0.00988590717315674
0.00996601581573486
0.00965797901153564
0.00994706153869629
0.0103479623794556
0.00989508628845215
0.0100319385528564
0.00988304615020752
0.00988399982452393
0.00990700721740723
0.00990891456604004
0.00995206832885742
0.0101059675216675
0.00983405113220215
0.0100319385528564
0.00981199741363525
0.010174036026001
0.00976598262786865
0.0100070238113403
0.0098259449005127
0.0100020170211792
0.00985300540924072
0.0100740194320679
0.00993096828460693
0.00990796089172363
0.00998008251190186
0.00985598564147949
0.0100740194320679
0.00992000102996826
0.0104409456253052
0.00943398475646973
0.00993800163269043
0.00987899303436279
0.0100430250167847
0.00981402397155762
0.0100189447402954
0.00990509986877441
0.00991189479827881
0.0100600719451904
0.0099329948425293
0.00989401340484619
0.0100159645080566
0.00992000102996826
0.00985896587371826
0.00999510288238525
0.00989294052124023
0.0100100040435791
0.010017991065979
0.00983595848083496
0.00994610786437988
0.00989997386932373
0.00999593734741211
0.0100760459899902
0.00984692573547363
0.00996506214141846
0.00992703437805176
0.00993895530700684
0.00998795032501221
0.00990808010101318
0.0101009607315063
0.00980103015899658
0.0099329948425293
0.00997793674468994
0.0101940631866455
0.00962603092193604
0.0098949670791626
0.0101009607315063
0.00986003875732422
0.00998294353485107
0.00991702079772949
0.0101610422134399
0.00979793071746826
0.00978302955627441
0.0100250244140625
0.00994396209716797
0.00998306274414062
0.00983202457427978
0.0102438926696777
0.00963008403778076
0.00986194610595703
0.00974297523498535
0.00983607769012451
0.00993800163269043
0.010016918182373
0.0102250576019287
0.00977003574371338
0.00974690914154053
0.010080099105835
0.0101819038391113
0.0101140737533569
0.00974893569946289
0.010343074798584
0.00947797298431396
0.0100619792938232
0.00990498065948486
0.00976097583770752
0.0102540254592896
0.00986206531524658
0.0098649263381958
0.0100760459899902
0.0121350288391113
0.00739598274230957
0.0100749731063843
0.00987899303436279
0.0101310014724731
0.0101159811019897
0.00967705249786377
0.0100679397583008
0.00999903678894043
0.0100400447845459
0.0098879337310791
0.00996696949005127
0.0101960897445679
0.00968992710113525
0.0100560188293457
0.00990200042724609
0.00970101356506348
0.0100500583648682
0.0098719596862793
0.0100929737091064
0.00981700420379639
0.0100150108337402
0.00998198986053467
0.00984096527099609
0.00992798805236816
0.0102630853652954
0.00967502593994141
0.00998890399932861
0.00989198684692383
0.00996303558349609
0.00993406772613525
0.0099259614944458
0.0100499391555786
0.00948905944824219
0.010233998298645
0.00976300239562988
0.0103410482406616
0.0099329948425293
0.00947690010070801
0.010377049446106
0.00960302352905273
0.0102289915084839
0.009956955909729
0.0101200342178345
0.00968599319458008
0.00992095470428467
0.0102040767669678
0.00966191291809082
0.0099790096282959
0.00993800163269043
0.0100330114364624
0.0105429887771606
0.00938904285430908
0.010146975517273
0.00966405868530273
0.00994491577148438
0.00991404056549072
0.0100589990615845
0.00978505611419678
0.00994598865509033
0.0103669166564941
0.0099250078201294
0.00954699516296387
0.010032057762146
0.00981199741363525
0.0100719928741455
0.00993895530700684
0.0101850032806396
0.00962698459625244
0.00987911224365234
0.0101178884506226
0.00992608070373535
0.00985300540924072
0.00977194309234619
0.0101799964904785
0.00958502292633057
0.0100409984588623
0.00988304615020752
0.00986790657043457
0.010424017906189
0.00988900661468506
0.0102599859237671
0.0095740556716919
0.0099109411239624