0.00933504104614258
0.0101300477981567
0.0101559162139893
0.0100350379943848
0.00976300239562988
0.0100270509719849
0.0100299119949341
0.00993609428405762
0.0101399421691895
0.0101369619369507
0.00990402698516846
0.0101480484008789
0.0102980136871338
0.00988996028900146
0.0100810527801514
0.0102719068527222
0.0095820426940918
0.010267972946167
0.00961101055145264
0.0103039741516113
0.00964701175689697
0.0101029872894287
0.0101320743560791
0.00991296768188477
0.0100909471511841
0.00977098941802978
0.0101220607757568
0.0101120471954346
0.00984799861907959
0.0101279020309448
0.00967299938201904
0.0101439952850342
0.0101710557937622
0.00983405113220215
0.009956955909729
0.00992703437805176
0.0100339651107788
0.0100769996643066
0.00971698760986328
0.0102159976959229
0.00981795787811279
0.0101720094680786
0.00995802879333496
0.00985801219940186
0.0100380182266235
0.00992894172668457
0.0101020336151123
0.010079026222229
0.00977301597595215
0.00979697704315186
0.0100400447845459
0.0101169347763062
0.00988900661468506
0.0100369453430176
0.0100250244140625
0.00996208190917969
0.00990700721740723
0.0100229978561401
0.0098719596862793
0.0100909471511841
0.0099250078201294
0.0101330280303955
0.00977694988250732
0.0100040435791016
0.0101159811019897
0.0109649896621704
0.00891005992889404
0.0100059509277344
0.00993406772613525
0.0103029012680054
0.00968706607818604
0.0100640058517456
0.00987100601196289
0.0100740194320679
0.00997495651245117
0.0100870132446289
0.00983595848083496
0.0100489854812622
0.0100340843200684
0.0101410150527954
0.00997793674468994
0.00986003875732422
0.0098799467086792
0.0100420713424683
0.00990796089172363
0.0101749897003174
0.0100200176239014
0.00991702079772949
0.009909987449646
0.00995492935180664
0.0099790096282959
0.0100160837173462
0.00999200344085693
0.00998890399932861
0.0100630521774292
0.00987696647644043
0.0101230144500732
0.0100370645523071
0.00995290279388428
0.00990009307861328
0.00994694232940674
0.0101310014724731
0.00999796390533447
0.00988101959228516
0.00992298126220703
0.0102100372314453
0.010017991065979
0.00976896286010742
0.00997006893157959
0.00990402698516846
0.00999891757965088
0.0101810693740845
0.0101230144500732
0.00992798805236816
0.00978899002075195
0.0101339817047119
0.00982904434204102
0.0102989673614502
0.00971293449401856
0.0100150108337402
0.00985503196716309
0.0100569725036621
0.0101010799407959
0.00990796089172363
0.00998294353485107
0.0100070238113403
0.0100070238113403
0.0102759599685669
0.00963401794433594
0.0100860595703125
0.00990796089172363
0.0100380182266235
0.0099329948425293
0.009971022605896
0.0100139379501343
0.0099480152130127
0.0100849866867065
0.00983607769012451
0.0100959539413452
0.0100899934768677
0.00981497764587402
0.0100460052490234
0.00992703437805176
0.0101039409637451
0.00988507270812988
0.0101590156555176
0.00998997688293457
0.00983595848083496
0.00998103618621826
0.00999093055725098
0.00994610786437988
0.0100389719009399
0.00990200042724609
0.0099799633026123
0.0102900266647339
0.010077953338623
0.00953006744384766
0.010172963142395
0.00989305973052978
0.0101009607315063
0.0098799467086792
0.0100460052490234
0.0100020170211792
0.0101040601730347
0.00999891757965088
0.00988209247589111
0.0100059509277344
0.0099489688873291
0.00986897945404053
0.0102419853210449
0.00977706909179688
0.0100929737091064
0.0099639892578125
0.0103640556335449
0.0100729465484619
0.00962400436401367
0.0098719596862793
0.0100361108779907
0.0100349187850952
0.010066032409668
0.00966298580169678
0.0101610422134399
0.00997591018676758
0.00996708869934082
0.00982201099395752
0.0101289749145508
0.00998401641845703
0.0100479125976562
0.0100491046905518
0.0099560022354126
0.00983297824859619
0.0101230144500732
0.00989997386932373
0.0099639892578125
0.0100389719009399
0.0100879669189453
0.0101240873336792
0.00981497764587402
0.00984299182891846
0.0100610256195068
0.00994992256164551
0.0101920366287231
0.00989902019500732
0.00984501838684082
0.0099560022354126
0.0102440118789673
0.010915994644165
0.00913000106811523
0.00958597660064697
0.00996899604797363
0.0102510452270508
0.0101679563522339
0.00984704494476318
0.0101079940795898
0.00969493389129639
0.0100109577178955
0.0100030899047852
0.010267972946167
0.00990605354309082
0.00999093055725098
0.0096670389175415
0.0101629495620728
0.00988602638244629
0.0099949836730957
0.00994706153869629
0.0101039409637451
0.0100059509277344
0.010174036026001
0.00987601280212402
0.00986003875732422
0.0098729133605957
0.0101510286331177
0.00995302200317383
0.0101770162582397
0.00971102714538574
0.0099790096282959
0.0100239515304565
0.0102039575576782
0.00975704193115234
0.0100330114364624
0.00997304916381836
0.0100818872451782
0.00996303558349609
0.00989198684692383
0.0100669860839844
0.00989603996276856
0.0100740194320679
0.0101339817047119
0.00981605052947998
0.00998890399932861
0.00992000102996826
0.0101979970932007
0.00983810424804688
0.00999689102172852
0.00994110107421875
0.0100059509277344
0.0101120471954346
0.0099109411239624
0.00984406471252441
0.0100429058074951
0.00996708869934082
0.010077953338623
0.00996303558349609
0.00995397567749023
0.00994503498077393
0.0101809501647949
0.00989603996276856
0.0098879337310791
0.00998902320861816
0.0100040435791016
0.0100829601287842
0.0099799633026123
0.01003098487854
0.00990200042724609
0.00988101959228516
0.0101339817047119
0.00985705852508545
0.00995099544525146
0.0100860595703125
0.0101639032363892
0.00980603694915772
0.010187029838562
0.00988602638244629
0.00991189479827881
0.0100100040435791
0.00997805595397949
0.0099489688873291
0.0102959871292114
0.00981104373931885
0.00988304615020752
0.00998592376708984
0.0101320743560791
0.00983297824859619
0.0100669860839844
0.0099329948425293
0.0100319385528564
0.00990104675292969
0.0101490020751953
0.00979101657867432
0.00999200344085693
0.00997793674468994
0.0101161003112793
0.00988888740539551
0.010127067565918
0.00981998443603516
0.0100630521774292
0.0122939348220825
0.00770306587219238
0.00979793071746826
0.0100090503692627
0.010003924369812
0.0101920366287231
0.00979197025299072
0.0101770162582397
0.00999307632446289
0.00986993312835693
0.00995099544525146
0.0100569725036621
0.0101650953292847
0.00974500179290772
0.00990593433380127
0.0100829601287842
0.00996005535125732
0.0100899934768677
0.00981402397155762
0.0102230310440063
0.00983190536499023
0.0102050304412842
0.0099250078201294
0.00981998443603516
0.00987601280212402
0.0101189613342285
0.0102120637893677
0.00991404056549072
0.00995194911956787
0.0099790096282959
0.00990200042724609
0.0100109577178955
0.0099560022354126
0.0101190805435181
0.00992095470428467
0.0101480484008789
0.00991594791412354
0.00997304916381836
0.00980198383331299
0.010111927986145
0.0100060701370239
0.010077953338623
0.00969803333282471
0.0102540254592896
0.00979793071746826
0.010051965713501
0.010127067565918
0.0099419355392456
0.00996100902557373
0.00991106033325195
0.0101100206375122
0.00978600978851318
0.00994789600372314
0.0101670026779175
0.00993108749389648
0.0101009607315063
0.00990498065948486
0.00988197326660156
0.00999200344085693
0.0101640224456787
0.00985705852508545
0.00989198684692383
0.0100359916687012
0.0101479291915894
0.00979411602020264
0.0102019309997559
0.00975906848907471
0.0101999044418335
0.010079026222229
0.00992405414581299
0.00975191593170166
0.0100960731506348
0.0100280046463013
0.00998198986053467
0.0100389719009399
0.0100990533828735
0.00968694686889648
0.0103390216827393
0.00975501537322998
0.0100599527359009
0.00991499423980713
0.0100640058517456
0.00981199741363525
0.0101649761199951
0.00974404811859131
0.0101529359817505
0.00984203815460205
0.0104730129241943
0.00973200798034668
0.00986802577972412
0.00992000102996826
0.0101640224456787
0.00996994972229004
0.0100740194320679
0.00998592376708984
0.00990200042724609
0.00980901718139648
0.00996100902557373
0.00987100601196289
0.00999104976654053
0.0100809335708618
0.00982809066772461
0.00991594791412354
0.0101120471954346
0.009895920753479
0.0100690126419067
0.00995099544525146
0.00997400283813477
0.00982105731964111
0.0101050138473511
0.0101749897003174
0.0100579261779785
0.0100970268249512
0.0100330114364624
0.00988399982452393
0.00997495651245117
0.00991201400756836
0.0101070404052734
0.010219931602478
0.0097891092300415
0.00950396060943604
0.0102119445800781
0.0102920532226562
0.00957298278808594
0.00988495349884033
0.0106240510940552
0.00968897342681885
0.009971022605896
0.00998103618621826
0.0100119113922119
0.0100330114364624
0.00989007949829102
0.01003098487854
0.0100769996643066
0.00978994369506836
0.0100619792938232
0.0101500749588013
0.0100239515304565
0.00994706153869629
0.0101289749145508
0.00990200042724609
0.0100569725036621
0.00991499423980713
0.01009202003479
0.00982999801635742
0.0100419521331787
0.0097891092300415
0.0104899406433105
0.00954997539520264
0.0105980634689331
0.00907301902770996
0.0102618932723999
0.0100760459899902
0.00997400283813477
0.00988996028900146
0.0101850032806396
0.00970709323883057
0.0101779699325562
0.00993192195892334
0.00998508930206299
0.00999701023101807
0.0100198984146118
0.00988209247589111
0.0101689100265503
0.00994300842285156
0.0101010799407959
0.00970101356506348
0.0101799964904785
0.0098729133605957
0.0100600719451904
0.00990498065948486
0.0100040435791016
0.00987792015075684
0.0103440284729004
0.00967800617218018
0.0101920366287231
0.00981998443603516
0.0102360248565674
0.00980591773986816
0.00996005535125732
0.00988495349884033
0.0101990699768066
0.00972700119018555
0.0104669332504272
0.00973498821258545
0.00998103618621826
0.00976395606994629
0.0101090669631958
0.00983202457427978
0.010050892829895
0.00979006290435791
0.0100389719009399
0.0100890398025513
0.0102750062942505
