0.00977301597595215
0.00992691516876221
0.0100110769271851
0.00995898246765137
0.010016918182373
0.0103451013565063
0.00966191291809082
0.0101020336151123
0.009909987449646
0.0100860595703125
0.0103549957275391
0.00963401794433594
0.010037899017334
0.00991809368133545
0.0102759599685669
0.010342001914978
0.00956499576568604
0.0100129842758179
0.0100129842758179
0.00994205474853516
0.0100699663162231
0.00998795032501221
0.0100680589675903
0.00992298126220703
0.0100899934768677
0.00999200344085693
0.00982606410980225
0.010024905204773
0.00996100902557373
0.0100110769271851
0.00993192195892334
0.0100150108337402
0.0099639892578125
0.010032057762146
0.00998592376708984
0.0100040435791016
0.0100959539413452
0.00973308086395264
0.0100020170211792
0.00998401641845703
0.010146975517273
0.0100109577178955
0.00988495349884033
0.00983703136444092
0.0101100206375122
0.0100879669189453
0.00970005989074707
0.0101619958877563
0.0100729465484619
0.0101010799407959
0.00974595546722412
0.0100829601287842
0.0100150108337402
0.0099949836730957
0.0100910663604736
0.00972795486450195
0.0101220607757568
0.00995898246765137
0.00998294353485107
0.0100400447845459
0.00998401641845703
0.00992798805236816
0.0101120471954346
0.00992691516876221
0.0100209712982178
0.00996601581573486
0.00991404056549072
0.0101020336151123
0.0099790096282959
0.0101219415664673
0.00973498821258545
0.0101569890975952
0.00976407527923584
0.0101999044418335
0.0099480152130127
0.0100620985031128
0.0099329948425293
0.00995397567749023
0.0100499391555786
0.00988602638244629
0.0102009773254395
0.00972604751586914
0.00999903678894043
0.010004997253418
0.00997495651245117
0.0100679397583008
0.0097740888595581
0.0102629661560059
0.00987005233764648
0.010004997253418
0.0099029541015625
0.00992894172668457
0.0100380182266235
0.00998997688293457
0.0099940299987793
0.0102779865264893
0.00996303558349609
0.00996196269989014
0.00985503196716309
0.0101000070571899
0.00985300540924072
0.0100619792938232
0.0100550651550293
0.00972592830657959
0.0101360082626343
0.0100229978561401
0.00989401340484619
0.0102430582046509
0.00977492332458496
0.0099329948425293
0.01003098487854
0.0100849866867065
0.0102150440216064
0.00973999500274658
0.00997507572174072
0.0100359916687012
0.0101449489593506
0.00982201099395752
0.00997793674468994
0.0101560354232788
0.00984299182891846
0.0100470781326294
0.00986695289611816
0.0101569890975952
0.00990498065948486
0.010019063949585
0.00993597507476807
0.00998795032501221
0.0100700855255127
0.00996792316436768
0.00977504253387451
0.0099860429763794
0.0102279186248779
0.00976204872131348
0.00982499122619629
0.0100059509277344
0.0122150182723999
0.00792896747589111
0.00992405414581299
0.0098879337310791
0.0100300312042236
0.0103000402450562
0.00973296165466309
0.00995898246765137
0.0100229978561401
0.00993609428405762
0.00997495651245117
0.0101850032806396
0.0100469589233398
0.011741042137146
0.00792503356933594
0.010125994682312
0.0100599527359009
0.00989305973052978
0.0098869800567627
0.0101809501647949
0.00980603694915772
0.010064959526062
0.00990605354309082
0.0100449323654175
0.0100710391998291
0.00995194911956787
0.00989305973052978
0.0100560188293457
0.00990891456604004
0.0100970268249512
0.00992000102996826
0.0100500583648682
0.0101900100708008
0.00972497463226318
0.010004997253418
0.0100029706954956
0.00995302200317383
0.0102369785308838
0.00970304012298584
0.0101820230484009
0.00987589359283447
0.0100960731506348
0.00999200344085693
0.00986802577972412
0.0100589990615845
0.0099949836730957
0.00986099243164062
0.0105220079421997
0.00956392288208008
0.00995707511901856
0.00993502140045166
0.0100558996200562
0.00996708869934082
0.0100139379501343
0.00981199741363525
0.0101510286331177
0.00996005535125732
0.0100489854812622
0.0098259449005127
0.0101090669631958
0.0100100040435791
0.00998592376708984
0.00994503498077393
0.0100339651107788
0.0100569725036621
0.0100270509719849
0.00982999801635742
0.0101590156555176
0.00988996028900146
0.0100879669189453
0.0096811056137085
0.010098934173584
0.0100669860839844
0.00996100902557373
0.00992107391357422
0.0101569890975952
0.00991296768188477
0.00990200042724609
0.00998198986053467
0.0101150274276733
0.0100259780883789
0.00984704494476318
0.0100100040435791
0.00999200344085693
0.00999689102172852
0.0100870132446289
0.00987100601196289
0.0100690126419067
0.0101850032806396
0.00969898700714111
0.00993704795837402
0.0101180076599121
0.010004997253418
0.0101809501647949
0.00969207286834717
0.010004997253418
0.0100510120391846
0.0100349187850952
0.00993704795837402
0.0100020170211792
0.0100100040435791
0.00996696949005127
0.00984203815460205
0.0101189613342285
0.0100439786911011
0.00992906093597412
0.00990200042724609
0.0101079940795898
0.0100319385528564
0.00998103618621826
0.00988602638244629
0.0102099180221558
0.00978398323059082
0.0106019973754883
0.00963103771209717
0.0100829601287842
0.00994205474853516
0.00993204116821289
0.0101159811019897
0.00991702079772949
0.010004997253418
0.0100809335708618
0.00988006591796875
0.0100740194320679
0.009909987449646
0.00997591018676758
0.0100420713424683
0.00997793674468994
0.00982403755187988
0.0103540420532227
0.00976395606994629
0.00997400283813477
0.00983405113220215
0.0101850032806396
0.0099489688873291
0.0101150274276733
0.00991296768188477
0.0098259449005127
0.0100600719451904
0.0099869966506958
0.0100749731063843
0.010004997253418
0.00992202758789062
0.0100419521331787
0.00991296768188477
0.0100620985031128
0.00988900661468506
0.010024905204773
0.00996303558349609
0.00986194610595703
0.0101571083068848
0.010004997253418
0.0100148916244507
0.009971022605896
0.009971022605896
0.0101540088653564
0.00981199741363525
0.0100550651550293
0.00993990898132324
0.0100400447845459
0.0101250410079956
0.00977599620819092
0.0100079774856567
0.00998198986053467
0.0100120306015015
0.0102269649505615
0.0096520185470581
0.0100749731063843
0.0099940299987793
0.00998795032501221
0.00981795787811279
0.0102180242538452
0.00994300842285156
0.0100160837173462
0.00996994972229004
0.00988602638244629
0.0100769996643066
0.00996100902557373
0.010016918182373
0.0100580453872681
0.00986897945404053
0.010032057762146
0.010004997253418
0.0100059509277344
0.0100500583648682
0.00974392890930176
0.00990808010101318
0.0100579261779785
0.00996005535125732
0.0100319385528564
0.00988197326660156
0.0102320909500122
0.00978493690490723
0.00977301597595215
0.00997602939605713
0.0100120306015015
0.0101869106292725
0.00979804992675781
0.0100070238113403
0.00998497009277344
0.0100460052490234
0.0103769302368164
0.00982403755187988
0.010066032409668
0.00995194911956787
0.00990009307861328
0.0102369785308838
0.00973391532897949
0.00994110107421875
0.0101358890533447
0.00996303558349609
0.0101879835128784
0.00977599620819092
0.00992202758789062
0.0100630521774292
0.0099109411239624
0.0100619792938232
0.0100150108337402
0.00997602939605713
0.0100250244140625
0.00996100902557373
0.0098879337310791
0.0101450681686401
0.0098189115524292
0.0100600719451904
0.0099869966506958
0.0100159645080566
0.010558009147644
0.00958001613616943
0.0099790096282959
0.0100530385971069
0.00995790958404541
0.0100250244140625
0.00994503498077393
0.00994002819061279
0.0101059675216675
0.00990200042724609
0.0100599527359009
0.00982999801635742
0.0100539922714233
0.00980806350708008
0.0101059675216675
0.009971022605896
0.00984501838684082
0.0100239515304565
0.0100129842758179
0.0100120306015015
0.00992298126220703
0.010138988494873
0.00989902019500732
0.0102120637893677
0.00969600677490234
0.0103209018707275
0.00953805446624756
0.010193943977356
0.00998008251190186
0.010051965713501
0.00989699363708496
0.0100159645080566
0.00997602939605713
0.0100549459457397
0.0100330114364624
0.0101100206375122
0.00969600677490234
0.0100240707397461
0.00998890399932861
0.00997710227966309
0.0100259780883789
0.0100829601287842
0.0099250078201294
0.0100369453430176
0.00988805294036865
0.0102839469909668
0.0097050666809082
0.00997292995452881
0.0101211071014404
0.00996696949005127
0.0099799633026123
0.00981605052947998
0.0100579261779785
0.0100140571594238
0.00992798805236816
0.0101430416107178
0.010024905204773
0.00984799861907959
0.0100390911102295
0.0100330114364624
0.0098719596862793
0.0101020336151123
0.0099109411239624
0.0100480318069458
0.00991392135620117
0.0100820064544678
0.0101571083068848
0.00980091094970703
0.00988101959228516
0.0100840330123901
0.00997793674468994
0.0100350379943848
0.00991702079772949
0.00990700721740723
0.0100409984588623
0.0100749731063843
0.00999903678894043
0.0100399255752563
0.00981998443603516
0.0101680755615234
0.00998592376708984
0.00981009006500244
0.0101969242095947
0.00992405414581299
0.00994503498077393
0.0100399255752563
0.0103540420532227
0.00988197326660156
0.0095750093460083
0.0101209878921509
0.00994396209716797
0.0100240707397461
0.0100239515304565
0.00994908809661865
0.010111927986145
0.00975704193115234
0.0100020170211792
0.0101779699325562
0.00986194610595703
0.010004997253418
0.00997209548950195
0.00996100902557373
0.00987792015075684
0.010248064994812
0.0099109411239624
0.0100060701370239
0.00984096527099609
0.0100229978561401
0.0100469589233398
0.0100129842758179
0.00991499423980713
0.0104010105133057
0.00958907604217529
0.0101639032363892
0.00996899604797363
0.0099790096282959
0.00986099243164062
0.0100400447845459
0.00988304615020752
0.0101219415664673
0.00989007949829102
0.0100889205932617
0.00991404056549072
0.0101449489593506
0.00991702079772949
0.0100879669189453
0.0100719928741455
0.00979709625244141
0.0106120109558105
0.00935399532318115
0.0101989507675171
0.00970494747161865
0.0101370811462402
0.0100349187850952
0.0097510814666748
0.0102469921112061
0.00971400737762451
