0.00958502292633057
0.0100579261779785
0.00985407829284668
0.0100688934326172
0.0101450681686401
0.00981700420379639
0.00995099544525146
0.00996899604797363
0.010098934173584
0.0100330114364624
0.0100730657577515
0.00984096527099609
0.0101979970932007
0.0100950002670288
0.00994598865509033
0.010019063949585
0.0124609470367432
0.00722801685333252
0.009971022605896
0.0101239681243896
0.00984704494476318
0.01031494140625
0.00971603393554688
0.0104179382324219
0.00983905792236328
0.0099860429763794
0.0100479125976562
0.0100580453872681
0.00964200496673584
0.0100380182266235
0.00996792316436768
0.0099329948425293
0.0101190805435181
0.010208010673523
0.00972592830657959
0.00998497009277344
0.00995707511901856
0.0100369453430176
0.0099409818649292
0.010174036026001
0.0100719928741455
0.00982403755187988
0.00997602939605713
0.0101559162139893
0.00995707511901856
0.0101410150527954
0.00971794128417969
0.0099560022354126
0.00995004177093506
0.0103659629821777
0.00993001461029053
0.00994694232940674
0.00980806350708008
0.00993597507476807
0.00997400283813477
0.0100589990615845
0.00993096828460693
0.0102440118789673
0.00974607467651367
0.00999200344085693
0.0099409818649292
0.010003924369812
0.010004997253418
0.00993800163269043
0.00973606109619141
0.0100369453430176
0.0099409818649292
0.0101050138473511
0.0102599859237671
0.00983703136444092
0.00981402397155762
0.0099790096282959
0.0102239847183228
0.00982701778411865
0.0103399753570557
0.00955700874328613
0.00996994972229004
0.0100260972976685
0.00995194911956787
0.0100300312042236
0.0102639198303223
0.00996100902557373
0.00995206832885742
0.00999295711517334
0.0100020170211792
0.01003098487854
0.00997006893157959
0.00993192195892334
0.0100110769271851
0.0099329948425293
0.0100579261779785
0.0099790096282959
0.00999307632446289
0.0100029706954956
0.00997793674468994
0.00996601581573486
0.00999701023101807
0.0099949836730957
0.0100300312042236
0.00993597507476807
0.00995004177093506
0.0100129842758179
0.0100150108337402
0.009956955909729
0.0100090503692627
0.00997602939605713
0.00999093055725098
0.00997507572174072
0.0101419687271118
0.0101699829101562
0.0096520185470581
0.00995099544525146
0.0100669860839844
0.00996494293212891
0.0100690126419067
0.0100520849227905
0.00981295108795166
0.00999104976654053
0.00999391078948975
0.00999701023101807
0.010004997253418
0.0101240873336792
0.00986099243164062
0.00998592376708984
0.00995004177093506
0.00999093055725098
0.0102291107177734
0.00977897644042969
0.010004997253418
0.00979197025299072
0.00990402698516846
0.0100359916687012
0.0103789567947388
0.00976204872131348
0.0100129842758179
0.0100270509719849
0.00996696949005127
0.00995898246765137
0.0103009939193726
0.00972998142242432
0.0100289583206177
0.00994205474853516
0.00997698307037354
0.00995898246765137
0.0102580785751343
0.00972592830657959
0.0100110769271851
0.00999891757965088
0.0099560022354126
0.00999999046325684
0.0102220773696899
0.00975894927978516
0.0099560022354126
0.0100100040435791
0.00998497009277344
0.00999104976654053
0.00999701023101807
0.00997292995452881
0.0099869966506958
0.0100040435791016
0.0099799633026123
0.0100140571594238
0.00996804237365723
0.0100009441375732
0.00999701023101807
0.0099639892578125
0.00997304916381836
0.0100409984588623
0.0103259086608887
0.00954902172088623
0.0100439786911011
0.0100640058517456
0.00994205474853516
0.00991702079772949
0.0101109743118286
0.00989103317260742
0.0100100040435791
0.0100109577178955
0.00983893871307373
0.0102590322494507
0.00983500480651856
0.00999605655670166
0.00999093055725098
0.00998198986053467
0.00998008251190186
0.0100029706954956
0.0099869966506958
0.00999295711517334
0.00995504856109619
0.00999593734741211
0.0099860429763794
0.0100120306015015
0.010016918182373
0.0100090503692627
0.00996005535125732
0.00997495651245117
0.0103989839553833
0.00959599018096924
0.00996506214141846
0.0100280046463013
0.00992190837860107
0.00999701023101807
0.0099860429763794
0.00996804237365723
0.0100009441375732
0.0100259780883789
0.00995802879333496
0.0102030038833618
0.0099940299987793
0.00975799560546875
0.0100719928741455
0.00993800163269043
0.0100330114364624
0.00985896587371826
0.0100020170211792
0.00995802879333496
0.010051965713501
0.0100189447402954
0.010080099105835
0.0100599527359009
0.00990903377532959
0.0101299285888672
0.00978302955627441
0.00994396209716797
0.010017991065979
0.0102280378341675
0.00979197025299072
0.00992906093597412
0.0100120306015015
0.00995397567749023
0.00999200344085693
0.010208010673523
0.00975990295410156
0.0099869966506958
0.0100070238113403
0.00996506214141846
0.0100100040435791
0.00998401641845703
0.0099949836730957
0.0100359916687012
0.00994300842285156
0.0100740194320679
0.00997793674468994
0.00988900661468506
0.00999295711517334
0.00999999046325684
0.00992310047149658
0.010024905204773
0.010316014289856
0.00956809520721436
0.010004997253418
0.00995492935180664
0.0100389719009399
0.0100120306015015
0.0101549625396729
0.00992202758789062
0.0099949836730957
0.00991702079772949
0.0100680589675903
0.00993490219116211
0.0102450847625732
0.00983095169067383
0.0100040435791016
0.00975501537322998
0.0100879669189453
0.00996899604797363
0.0102260112762451
0.00980603694915772
0.00996494293212891
0.010017991065979
0.00998497009277344
0.0102970600128174
0.00969898700714111
0.00995898246765137
0.0100020170211792
0.00997495651245117
0.00999999046325684
0.00998806953430176
0.00997495651245117
0.00998997688293457
0.010004997253418
0.009971022605896
0.00999999046325684
0.00999903678894043
0.00996100902557373
0.0100100040435791
0.00996804237365723
0.0100599527359009
0.00994300842285156
0.00996804237365723
0.00999796390533447
0.0100409984588623
0.0099259614944458
0.00996100902557373
0.00995004177093506
0.010233998298645
0.0098569393157959
0.00998401641845703
0.00998103618621826
0.00992703437805176
0.010024905204773
0.00996005535125732
0.00996303558349609
0.0100619792938232
0.00990498065948486
0.0100560188293457
0.00995993614196777
0.00996899604797363
0.00996005535125732
0.010017991065979
0.0100239515304565
0.009971022605896
0.0102260112762451
0.00975406169891357
0.00999796390533447
0.00999295711517334
0.00998306274414062
0.0100759267807007
0.00997400283813477
0.00981903076171875
0.009909987449646
0.010295033454895
0.0100139379501343
0.0116310119628906
0.0083010196685791
0.00970995426177978
0.010113000869751
0.00995206832885742
0.00996994972229004
0.00986599922180176
0.0103009939193726
0.00980103015899658
0.0099560022354126
0.0101840496063232
0.0098259449005127
0.0098869800567627
0.0100350379943848
0.00992703437805176
0.0100950002670288
0.00995898246765137
0.00995492935180664
0.00992703437805176
0.010079026222229
0.00998902320861816
0.00995790958404541
0.0099250078201294
0.0100870132446289
0.0099480152130127
0.00998997688293457
0.00997805595397949
0.010017991065979
0.00998294353485107
0.00999200344085693
0.0101619958877563
0.00986909866333008
0.00991499423980713
0.00998294353485107
0.00999999046325684
0.0100010633468628
0.0101540088653564
0.00983190536499023
0.00989210605621338
0.0100849866867065
0.00995290279388428
0.00999200344085693
0.0101350545883179
0.00980699062347412
0.0100140571594238
0.0100229978561401
0.0099250078201294
0.0101310014724731
0.0100269317626953
0.00980103015899658
0.010004997253418
0.0099790096282959
0.00998294353485107
0.0099860429763794
0.010254979133606
0.00972402095794678
0.0100460052490234
0.00997400283813477
0.0098799467086792
0.0100330114364624
0.0100270509719849
0.00997698307037354
0.00999701023101807
0.00983297824859619
0.0101549625396729
0.00982606410980225
0.0100970268249512
0.0101408958435059
0.00989603996276856
0.0100860595703125
0.0098268985748291
0.0101010799407959
0.00995898246765137
0.0100250244140625
0.00988292694091797
0.0100350379943848
0.00999903678894043
0.010138988494873
0.00975894927978516
0.0101059675216675
0.00991106033325195
0.0099419355392456
0.0100990533828735
0.00987303256988525
0.0100749731063843
0.00995302200317383
0.00998497009277344
0.00997805595397949
0.0101679563522339
0.00979900360107422
0.0100079774856567
0.0100899934768677
0.00984799861907959
0.0099179744720459
0.0100630521774292
0.0100990533828735
0.00989794731140137
0.0100330114364624
0.00986993312835693
0.010079026222229
0.00989305973052978
0.010172963142395
0.00989902019500732
0.0101380348205566
0.00983595848083496
0.01009202003479
0.00981497764587402
0.0102570056915283
0.00993692874908447
0.00999510288238525
0.0099409818649292
0.010079026222229
0.00999593734741211
0.00996601581573486
0.00989103317260742
0.010113000869751
0.00998198986053467
0.0101269483566284
0.00982499122619629
0.010187029838562
0.00987601280212402
0.0100809335708618
0.00983405113220215
0.0101269483566284
0.00977110862731934
0.0101979970932007
0.00989997386932373
0.00989294052124023
0.009971022605896
0.0102510452270508
0.00980091094970703
0.00994205474853516
0.0100170373916626
0.0100119113922119
0.0099560022354126
0.0102310180664062
0.00975608825683594
0.00999689102172852
0.0099790096282959
0.0099639892578125
0.00997304916381836
0.0102590322494507
0.00964498519897461
0.010206937789917
0.00981903076171875
0.0100289583206177
0.00991904735565186
0.010079026222229
0.0100250244140625
0.00993990898132324
0.00997304916381836
0.00999701023101807
0.00999796390533447
0.00998103618621826
0.00990593433380127
0.0100650787353516
0.0100159645080566
0.0099719762802124
0.0100570917129517
0.00995099544525146
0.0100369453430176
0.00992202758789062
0.00997495651245117
0.0100170373916626
0.00995993614196777
0.0100020170211792
0.0100280046463013
0.0099480152130127
0.00999605655670166
0.00994396209716797
0.0102900266647339
0.00969398021697998
0.0100339651107788
0.00997805595397949
0.0100560188293457
0.0099109411239624
0.0101950168609619