0.0101029872894287
0.00998389720916748
0.0103620290756226
0.0095369815826416
0.0101280212402344
0.0100240707397461
0.00994396209716797
0.010187029838562
0.0100609064102173
0.0103980302810669
0.00954699516296387
0.0101460218429565
0.0101590156555176
0.0102100372314453
0.00985193252563477
0.0100929737091064
0.00988209247589111
0.010146975517273
0.0102519989013672
0.0100510120391846
0.0098029375076294
0.0100530385971069
0.0100530385971069
0.0106539726257324
0.00960493087768555
0.00989305973052978
0.0101510286331177
0.00990390777587891
0.010342001914978
0.00973010063171387
0.0104819536209106
0.00984799861907959
0.00998103618621826
0.0102099180221558
0.0097661018371582
0.0099869966506958
0.0101269483566284
0.0102130174636841
0.0100009441375732
0.00989508628845215
0.0101979970932007
0.00990593433380127
0.0099719762802124
0.0101341009140015
0.00997793674468994
0.0101450681686401
0.00998997688293457
0.00988495349884033
0.0100380182266235
0.0100690126419067
0.0100979804992676
0.00993502140045166
0.0102260112762451
0.0100479125976562
0.0100380182266235
0.0100669860839844
0.0100070238113403
0.00997698307037354
0.0101000070571899
0.0101690292358398
0.0101189613342285
0.00967907905578613
0.0106019973754883
0.0099409818649292
0.010172963142395
0.00990700721740723
0.0101569890975952
0.0100580453872681
0.0100499391555786
0.00995206832885742
0.00961101055145264
0.010064959526062
0.0106339454650879
0.00994408130645752
0.00958192348480225
0.0102410316467285
0.0102280378341675
0.00960993766784668
0.010079026222229
0.0108410120010376
0.00971996784210205
0.01003098487854
0.0103710889816284
0.00963699817657471
0.0101439952850342
0.0100029706954956
0.0100330114364624
0.0101419687271118
0.0100409984588623
0.0100079774856567
0.0100280046463013
0.00999808311462402
0.010051965713501
0.0100849866867065
0.010051965713501
0.00990903377532959
0.0100959539413452
0.0100950002670288
0.0100750923156738
0.00968599319458008
0.0103509426116943
0.00993001461029053
0.00996005535125732
0.010085940361023
0.00999796390533447
0.010019063949585
0.0102460384368896
0.010003924369812
0.0101239681243896
0.00979602336883545
0.0102510452270508
0.010113000869751
0.00984501838684082
0.0101549625396729
0.0102200508117676
0.00992000102996826
0.00979995727539062
0.0101569890975952
0.0101339817047119
0.00978100299835205
0.00996100902557373
0.0105069875717163
0.0100370645523071
0.0101280212402344
0.00993597507476807
0.0100839138031006
0.00988900661468506
0.0101760625839233
0.0103169679641724
0.00979602336883545
0.0100059509277344
0.0100899934768677
0.0100210905075073
0.010077953338623
0.0100860595703125
0.0101079940795898
0.00981795787811279
0.0102039575576782
0.00998008251190186
0.0100599527359009
0.0100200176239014
0.0100939273834229
0.0103170871734619
0.00967895984649658
0.0100229978561401
0.0100840330123901
0.00999200344085693
0.0100380182266235
0.0100820064544678
0.0102519989013672
0.00986289978027344
0.00988507270812988
0.0098869800567627
0.0101070404052734
0.0100239515304565
0.00999605655670166
0.0100209712982178
0.0101369619369507
0.0101499557495117
0.0100250244140625
0.0102620124816895
0.00985705852508545
0.0101959705352783
0.0103470087051392
0.00941503047943115
0.0100539922714233
0.0101770162582397
0.00986194610595703
0.0102180242538452
0.0100349187850952
0.0103050470352173
0.00997495651245117
0.0100070238113403
0.0102880001068115
0.00981605052947998
0.00965893268585205
0.0101480484008789
0.0101120471954346
0.0101609230041504
0.0100640058517456
0.0101840496063232
0.0100430250167847
0.00992190837860107
0.0105270147323608
0.00935506820678711
0.0100820064544678
0.0100558996200562
0.0100090503692627
0.0100200176239014
0.0101089477539062
0.010438084602356
0.00964796543121338
0.010003924369812
0.0101341009140015
0.0101069211959839
0.00989603996276856
0.0101050138473511
0.0102369785308838
0.00984203815460205
0.00996196269989014
0.010172963142395
0.00994908809661865
0.0100629329681396
0.0099790096282959
0.0103440284729004
0.00972592830657959
0.0101350545883179
0.0122840404510498
0.00780391693115234
0.0100700855255127
0.0098869800567627
0.0104309320449829
0.0096890926361084
0.0100679397583008
0.010077953338623
0.0100550651550293
0.0100460052490234
0.01009202003479
0.0100330114364624
0.0102128982543945
0.00987601280212402
0.0100570917129517
0.00995790958404541
0.00992906093597412
0.0101850032806396
0.010208010673523
0.00981795787811279
0.0102109909057617
0.00986802577972412
0.010077953338623
0.00994205474853516
0.0101250410079956
0.0100189447402954
0.0100740194320679
0.0100510120391846
0.0100200176239014
0.0100129842758179
0.0101770162582397
0.0100339651107788
0.0099189281463623
0.0100600719451904
0.010098934173584
0.0100530385971069
0.010045051574707
0.00999093055725098
0.0100960731506348
0.00994396209716797
0.0100890398025513
0.0100100040435791
0.0100629329681396
0.0101289749145508
0.0100830793380737
0.00997292995452881
0.0101569890975952
0.0100600719451904
0.0101169347763062
0.00995004177093506
0.0100159645080566
0.0102009773254395
0.00977909564971924
0.0100699663162231
0.0101809501647949
0.0100719928741455
0.0100851058959961
0.0100009441375732
0.0100419521331787
0.0100480318069458
0.0100229978561401
0.0101320743560791
0.0100139379501343
0.0100229978561401
0.0100209712982178
0.0100870132446289
0.00988101959228516
0.010032057762146
0.0100109577178955
0.00997793674468994
0.0102100372314453
0.0100029706954956
0.010004997253418
0.0101330280303955
0.0100229978561401
0.0100280046463013
0.00997495651245117
0.0100570917129517
0.0100599527359009
0.0103989839553833
0.00970697402954102
0.0101190805435181
0.00986802577972412
0.010085940361023
0.0100860595703125
0.0100499391555786
0.0100959539413452
0.0100910663604736
0.0100189447402954
0.0100470781326294
0.0101069211959839
0.00996005535125732
0.0101690292358398
0.0100769996643066
0.009956955909729
0.0101419687271118
0.00997507572174072
0.0101149082183838
0.010019063949585
0.0100929737091064
0.00999605655670166
0.0100219249725342
0.0100400447845459
0.0100749731063843
0.0100500583648682
0.0100909471511841
0.00989699363708496
0.01003098487854
0.0100270509719849
0.0099419355392456
0.0101560354232788
0.00997602939605713
0.00998497009277344
0.0101239681243896
0.010045051574707
0.00999200344085693
0.0100250244140625
0.010125994682312
0.0100269317626953
0.0100409984588623
0.0100910663604736
0.0100699663162231
0.00998795032501221
0.010032057762146
0.0100259780883789
0.0101009607315063
0.0100231170654297
0.0100879669189453
0.00997495651245117
0.0100560188293457
0.0100879669189453
0.0100439786911011
0.0101120471954346
0.0100040435791016
0.0101499557495117
0.009971022605896
0.00992393493652344
0.0101020336151123
0.010017991065979
0.0100979804992676
0.0100899934768677
0.0100400447845459
0.0100870132446289
0.0099409818649292
0.0102109909057617
0.00997304916381836
0.0101039409637451
0.0100340843200684
0.0101139545440674
0.0100950002670288
0.00994002819061279
0.0100150108337402
0.0100688934326172
0.0100560188293457
0.0100120306015015
0.0100950002670288
0.0100170373916626
0.0098949670791626
0.0100860595703125
0.0100479125976562
0.0099949836730957
0.010174036026001
0.0100109577178955
0.010004997253418
0.0100220441818237
0.0100420713424683
0.0101039409637451
0.00998997688293457
0.0101220607757568
0.0100280046463013
0.0100079774856567
0.0100330114364624
0.0101720094680786
0.00994598865509033
0.01009202003479
0.0100849866867065
0.0101369619369507
0.00979197025299072
0.0102649927139282
0.00980305671691894
0.00996804237365723
0.0101679563522339
0.0102360248565674
0.00997090339660644
0.00995802879333496
0.010017991065979
0.0102930068969727
0.00969600677490234
0.0102109909057617
0.00984799861907959
0.0100680589675903
0.0100749731063843
0.0101820230484009
0.0102909803390503
0.00966298580169678
0.0101009607315063
0.0100600719451904
0.00999295711517334
0.0101649761199951
0.0100740194320679
0.0102990865707397
0.0097419023513794
0.010017991065979
0.0100970268249512
0.00999999046325684
0.010017991065979
0.0101330280303955
0.0103989839553833
0.00968408584594727
0.0100119113922119
0.0101460218429565
0.0101970434188843
0.00973200798034668
0.0101399421691895
0.0104089975357056
0.00967299938201904
0.0101749897003174
0.00985407829284668
0.0102089643478394
0.00982093811035156
0.0102430582046509
0.0103299617767334
0.00979804992675781
0.00998401641845703
0.00990092754364014
0.0102070569992065
0.0100120306015015
0.0100669860839844
0.010267972946167
0.00968098640441894
0.0101009607315063
0.0100480318069458
0.010172963142395
0.0101000070571899
0.00995302200317383
0.0104010105133057
0.00975203514099121
0.00997495651245117
0.00994205474853516
0.0101569890975952
0.00990593433380127
0.0099949836730957
0.0101031064987183
0.0100389719009399
0.0100280046463013
0.01003098487854
0.0101200342178345
0.0100299119949341
0.0100160837173462
0.0104519128799438
0.00957298278808594
0.0100361108779907
0.0100419521331787
0.0101419687271118
0.0100619792938232
0.00991201400756836
0.0103800296783447
0.00972998142242432
0.0100200176239014
0.0101460218429565
0.00998902320861816
0.0100589990615845
0.0101279020309448
0.00997209548950195
0.0100100040435791
0.0100809335708618
0.0100810527801514
0.0100829601287842
0.0100060701370239
0.00997793674468994
0.0101580619812012
0.00995993614196777
0.0100469589233398
0.0100510120391846
0.0100439786911011
0.00998806953430176
0.0100809335708618
0.0101150274276733
0.0100040435791016
0.0101979970932007
0.0102399587631226
0.00962698459625244
0.010187029838562
0.0098869800567627
0.0102649927139282
0.00993800163269043
0.00995898246765137
0.0101370811462402
0.0100369453430176
0.01015305519104
0.00995302200317383
0.0100449323654175
0.0100200176239014
