0.0099480152130127
0.00979197025299072
0.0100750923156738
0.010004997253418
0.00999200344085693
0.0101149082183838
0.0101120471954346
0.0103549957275391
0.0098259449005127
0.00998508930206299
0.010016918182373
0.0100830793380737
0.00996196269989014
0.0101310014724731
0.0103169679641724
0.0097050666809082
0.0101659297943115
0.0103340148925781
0.00994205474853516
0.0100539922714233
0.0100560188293457
0.0104269981384277
0.00972199440002441
0.00988900661468506
0.0101399421691895
0.0100220441818237
0.00974392890930176
0.0100350379943848
0.0106170177459717
0.00969600677490234
0.010125994682312
0.00990200042724609
0.00986897945404053
0.0101449489593506
0.0102500915527344
0.00987398624420166
0.00985801219940186
0.0102930068969727
0.010146975517273
0.0100480318069458
0.00979697704315186
0.0103739500045776
0.00973999500274658
0.0100740194320679
0.0100300312042236
0.0100109577178955
0.010138988494873
0.0101190805435181
0.0100979804992676
0.0102529525756836
0.0099489688873291
0.0101230144500732
0.0100200176239014
0.0100389719009399
0.0100200176239014
0.0101209878921509
0.00999200344085693
0.00983798503875732
0.0103580951690674
0.00995790958404541
0.00994002819061279
0.0101430416107178
0.0100549459457397
0.0100669860839844
0.0105280876159668
0.0093148946762085
0.010066032409668
0.0100890398025513
0.0101970434188843
0.0100419521331787
0.00963103771209717
0.0108249187469482
0.00967204570770264
0.0100150108337402
0.0100619792938232
0.0100259780883789
0.0100619792938232
0.00962305068969727
0.010077953338623
0.0100610256195068
0.0101499557495117
0.0101820230484009
0.00996506214141846
0.0100899934768677
0.0100300312042236
0.0102719068527222
0.0100340843200684
0.0100259780883789
0.0101499557495117
0.00992000102996826
0.010019063949585
0.0100339651107788
0.0101150274276733
0.01003098487854
0.00999701023101807
0.0100389719009399
0.0101209878921509
0.0100150108337402
0.0101139545440674
0.0100400447845459
0.00996303558349609
0.0100449323654175
0.0101450681686401
0.00993192195892334
0.0100580453872681
0.0100380182266235
0.0100330114364624
0.0100829601287842
0.0101040601730347
0.00998997688293457
0.00983691215515137
0.0100810527801514
0.0100820064544678
0.010233998298645
0.00998795032501221
0.0100440979003906
0.0100209712982178
0.0101039409637451
0.0101510286331177
0.00993895530700684
0.00987899303436279
0.00993204116821289
0.0102230310440063
0.0100499391555786
0.0100120306015015
0.0101549625396729
0.00999903678894043
0.0100580453872681
0.0100399255752563
0.0100480318069458
0.0100860595703125
0.0100489854812622
0.0100339651107788
0.00997602939605713
0.0100359916687012
0.0101020336151123
0.0100449323654175
0.0100929737091064
0.0100040435791016
0.0101120471954346
0.00989198684692383
0.0099409818649292
0.0100319385528564
0.00988602638244629
0.0100120306015015
0.0103039741516113
0.0106509923934937
0.00971901416778564
0.0101040601730347
0.00986993312835693
0.0100569725036621
0.0100700855255127
0.0099799633026123
0.0102839469909668
0.0097280740737915
0.0100409984588623
0.0101419687271118
0.0100359916687012
0.00995802879333496
0.010051965713501
0.0103169679641724
0.00985610485076904
0.00992894172668457
0.0101629495620728
0.00991201400756836
0.0109339952468872
0.00916910171508789
0.0104399919509888
0.00967299938201904
0.010132908821106
0.00993609428405762
0.010145902633667
0.0100060701370239
0.0100959539413452
0.0102260112762451
0.00986599922180176
0.0100029706954956
0.0101230144500732
0.00994205474853516
0.00999295711517334
0.00998806953430176
0.0102469921112061
0.00976800918579102
0.0103119611740112
0.00998902320861816
0.0100950002670288
0.00996601581573486
0.0100799798965454
0.0103249549865723
0.00976502895355225
0.0100460052490234
0.0102519989013672
0.0098869800567627
0.0100369453430176
0.0101180076599121
0.0102829933166504
0.00982999801635742
0.00994408130645752
0.0100499391555786
0.0100820064544678
0.0100350379943848
0.0100610256195068
0.0099949836730957
0.0100439786911011
0.0100589990615845
0.0100469589233398
0.00998508930206299
0.0101069211959839
0.0100719928741455
0.0100080966949463
0.0100809335708618
0.00985598564147949
0.0102280378341675
0.0100380182266235
0.00999999046325684
0.0101020336151123
0.0103529691696167
0.00972092151641846
0.010019063949585
0.0100339651107788
0.0100350379943848
0.0100569725036621
0.0100359916687012
0.0103939771652222
0.00968801975250244
0.0100879669189453
0.0100780725479126
0.01003098487854
0.0100330114364624
0.010051965713501
0.010342001914978
0.00966906547546387
0.0101009607315063
0.0100580453872681
0.0100018978118896
0.0100500583648682
0.0100669860839844
0.0100599527359009
0.0100290775299072
0.0100209712982178
0.0100569725036621
0.010066032409668
0.0100710391998291
0.0100679397583008
0.010004997253418
0.010019063949585
0.0101449489593506
0.00996601581573486
0.0100070238113403
0.0101479291915894
0.00995004177093506
0.0100159645080566
0.0100640058517456
0.0100330114364624
0.0100820064544678
0.00992703437805176
0.0102459192276001
0.0099560022354126
0.0100740194320679
0.0100530385971069
0.0100769996643066
0.009956955909729
0.0100409984588623
0.0100690126419067
0.00988101959228516
0.00997495651245117
0.010316014289856
0.00971698760986328
0.00998508930206299
0.0100129842758179
0.0102189779281616
0.00987100601196289
0.0101070404052734
0.0100659132003784
0.0100730657577515
0.00998497009277344
0.0100270509719849
0.0100979804992676
0.0100120306015015
0.00998497009277344
0.0124750137329102
0.00773096084594727
0.00999701023101807
0.0100330114364624
0.00994694232940674
0.0101649761199951
0.0100280046463013
0.0101031064987183
0.010016918182373
0.00993204116821289
0.0101169347763062
0.0100440979003906
0.0100399255752563
0.0101120471954346
0.0099639892578125
0.0100760459899902
0.0100619792938232
0.0100479125976562
0.0101710557937622
0.010051965713501
0.0103800296783447
0.00989103317260742
0.0100460052490234
0.0101100206375122
0.0100299119949341
0.00993406772613525
0.00999701023101807
0.0104019641876221
0.0098029375076294
0.0100409984588623
0.0100390911102295
0.0100349187850952
0.0101300477981567
0.00997602939605713
0.0103299617767334
0.00977098941802978
0.0100140571594238
0.0100489854812622
0.0100899934768677
0.0100710391998291
0.0100119113922119
0.0104330778121948
0.00964093208312988
0.010051965713501
0.0100229978561401
0.0101050138473511
0.00999999046325684
0.0101900100708008
0.0102530717849731
0.00969099998474121
0.0100820064544678
0.010003924369812
0.0101240873336792
0.00997495651245117
0.0100959539413452
0.0100090503692627
0.0100330114364624
0.0101519823074341
0.00997698307037354
0.0099940299987793
0.0100350379943848
0.0100319385528564
0.0101850032806396
0.00995898246765137
0.0100330114364624
0.0100500583648682
0.00999891757965088
0.0101370811462402
0.0100439786911011
0.0103440284729004
0.00970292091369629
0.0100820064544678
0.00999605655670166
0.0100950002670288
0.0100189447402954
0.0100110769271851
0.0100439786911011
0.00998091697692871
0.0101010799407959
0.0100539922714233
0.0101579427719116
0.0100170373916626
0.0100560188293457
0.00999593734741211
0.00979399681091309
0.00996100902557373
0.0100300312042236
0.0100810527801514
0.010342001914978
0.00971794128417969
0.00987601280212402
0.0102789402008057
0.00987303256988525
0.0101810693740845
0.0100159645080566
0.0104179382324219
0.010019063949585
0.00948596000671387
0.0102900266647339
0.0099409818649292
0.0104320049285889
0.0096520185470581
0.0100269317626953
0.0103670358657837
0.0101220607757568
0.0099790096282959
0.0100929737091064
0.00995302200317383
0.010206937789917
0.00988996028900146
0.0101600885391235
0.00997698307037354
0.0101079940795898
0.010045051574707
0.010037899017334
0.00987803936004639
0.0102729797363281
0.00989103317260742
0.0101709365844727
0.0101450681686401
0.0100029706954956
0.00996005535125732
0.0100409984588623
0.0100389719009399
0.0100539922714233
0.0100820064544678
0.0100350379943848
0.0100229978561401
0.0100749731063843
0.0100159645080566
0.00999796390533447
0.0100140571594238
0.010077953338623
0.0101190805435181
0.0100269317626953
0.0101190805435181
0.00996088981628418
0.0100260972976685
0.0100619792938232
0.0100799798965454
0.0101139545440674
0.00997304916381836
0.0100409984588623
0.0100270509719849
0.00989389419555664
0.0101990699768066
0.010138988494873
0.0100020170211792
0.0100369453430176
0.00998508930206299
0.00999796390533447
0.0101460218429565
0.0100319385528564
0.0100300312042236
0.0100089311599731
0.0100181102752686
0.0100619792938232
0.0100899934768677
0.0100480318069458
0.00998592376708984
0.0100749731063843
0.0100840330123901
0.0101100206375122
0.00998198986053467
0.0100569725036621
0.0100680589675903
0.00995993614196777
0.0102009773254395
0.00989401340484619
0.0100409984588623
0.010004997253418
0.0101140737533569
0.0100239515304565
0.0100899934768677
0.00997602939605713
0.0100810527801514
0.0100119113922119
0.0100600719451904
0.0101460218429565
0.00995397567749023
0.0103349685668945
0.00976002216339111
0.0100369453430176
0.0100710391998291
0.0100419521331787
0.0100740194320679
0.00999200344085693
0.0101310014724731
0.00997304916381836
0.0106819868087769
0.00941503047943115
0.0100280046463013
0.0100899934768677
0.0100769996643066
0.00999796390533447
0.010004997253418
0.0101009607315063
0.0135160684585571
0.0063929557800293
0.00996994972229004
0.0100330114364624
0.0101410150527954
0.0102170705795288
0.0100399255752563
0.0100480318069458
0.0100359916687012
0.0100389719009399
0.0100480318069458
0.010066032409668
0.0099329948425293
0.0100889205932617
0.0102330446243286
0.00988197326660156
0.0101540088653564
0.00993204116821289
0.0101020336151123
0.00996696949005127
0.00989603996276856
0.010388970375061
0.0099419355392456
