0.00959503650665283
0.0101380348205566
0.0100899934768677
0.0100089311599731
0.0100359916687012
0.0100910663604736
0.00993895530700684
0.0103479623794556
0.00986707210540772
0.0101569890975952
0.0099949836730957
0.0100460052490234
0.0101490020751953
0.0100239515304565
0.00999701023101807
0.0101159811019897
0.0101810693740845
0.0100749731063843
0.0100280046463013
0.00999605655670166
0.0100929737091064
0.0100359916687012
0.00997793674468994
0.0104800462722778
0.00960004329681396
0.010159969329834
0.00986802577972412
0.0102779865264893
0.0098719596862793
0.0100749731063843
0.0103330612182617
0.00970995426177978
0.00998497009277344
0.0101910829544067
0.0100769996643066
0.0100409984588623
0.0101159811019897
0.0102019309997559
0.00975406169891357
0.0100699663162231
0.0100950002670288
0.00977396965026856
0.0100560188293457
0.0100140571594238
0.0105719566345215
0.00976002216339111
0.0100669860839844
0.0100510120391846
0.0102419853210449
0.00978803634643555
0.0101399421691895
0.010377049446106
0.00962603092193604
0.0100979804992676
0.0100129842758179
0.0101610422134399
0.0100460052490234
0.0100289583206177
0.0103000402450562
0.00975894927978516
0.0100710391998291
0.0100679397583008
0.0100029706954956
0.0107160806655884
0.00985002517700195
0.0099799633026123
0.00967299938201904
0.0100740194320679
0.0099480152130127
0.010098934173584
0.00999999046325684
0.0102030038833618
0.0102070569992065
0.00980591773986816
0.00998103618621826
0.0101350545883179
0.010003924369812
0.0101289749145508
0.00992906093597412
0.0102930068969727
0.0098569393157959
0.0100719928741455
0.0100030899047852
0.010064959526062
0.0100259780883789
0.010066032409668
0.0146069526672363
0.00538909435272217
0.0100460052490234
0.00991296768188477
0.010085940361023
0.01021409034729
0.0100479125976562
0.0100870132446289
0.0100539922714233
0.00999999046325684
0.01003098487854
0.0100589990615845
0.0100110769271851
0.0101619958877563
0.0102289915084839
0.00977301597595215
0.0101399421691895
0.00995504856109619
0.0101289749145508
0.0100120306015015
0.00997400283813477
0.010267972946167
0.00974798202514648
0.0100929737091064
0.0101450681686401
0.010016918182373
0.00999701023101807
0.0100820064544678
0.0104440450668335
0.00967395305633545
0.010004997253418
0.0101690292358398
0.00976002216339111
0.0101350545883179
0.0101139545440674
0.0103999376296997
0.0096970796585083
0.0100669860839844
0.0100070238113403
0.0100769996643066
0.0100009441375732
0.0101120471954346
0.0102959871292114
0.00980401039123535
0.00999999046325684
0.0100159645080566
0.00997400283813477
0.0101339817047119
0.00991499423980713
0.0104390382766724
0.00986194610595703
0.0100100040435791
0.0101020336151123
0.0100120306015015
0.0100339651107788
0.0100849866867065
0.00999200344085693
0.0101320743560791
0.0102359056472778
0.00975906848907471
0.00998198986053467
0.00993096828460693
0.0100200176239014
0.0102930068969727
0.00969195365905762
0.010080099105835
0.00994491577148438
0.0100020170211792
0.0100029706954956
0.0101480484008789
0.00992000102996826
0.0105689764022827
0.0103449821472168
0.00975406169891357
0.00997698307037354
0.0101640224456787
0.00999093055725098
0.0100220441818237
0.0101629495620728
0.0103120803833008
0.00951600074768066
0.010517954826355
0.0096290111541748
0.00969994068145752
0.00996601581573486
0.0108110904693604
0.00975489616394043
0.0100539922714233
0.00999510288238525
0.0100640058517456
0.0100079774856567
0.0101540088653564
0.0100399255752563
0.0111600160598755
0.00896108150482178
0.0100879669189453
0.00998997688293457
0.0100810527801514
0.00993597507476807
0.0101759433746338
0.0104870796203613
0.0094379186630249
0.0100950002670288
0.00977599620819092
0.0102750062942505
0.0101610422134399
0.0103099346160889
0.00978302955627441
0.00991904735565186
0.0101879835128784
0.0102559328079224
0.00981807708740234
0.00993692874908447
0.0101211071014404
0.010301947593689
0.00979804992675781
0.0100499391555786
0.0099489688873291
0.00999999046325684
0.0101640224456787
0.0100580453872681
0.00996494293212891
0.0101320743560791
0.0099560022354126
0.0100870132446289
0.00996291637420654
0.0100710391998291
0.0104049444198608
0.00973701477050781
0.00995004177093506
0.0102540254592896
0.00985991954803467
0.0102059841156006
0.00989401340484619
0.0101380348205566
0.0103720426559448
0.00969791412353516
0.0096440315246582
0.0105149745941162
0.0103549957275391
0.00976502895355225
0.0102920532226562
0.00972402095794678
0.0103259086608887
0.00977098941802978
0.0100820064544678
0.0100270509719849
0.0103540420532227
0.00970792770385742
0.010159969329834
0.00994110107421875
0.0104140043258667
0.00966799259185791
0.0101089477539062
0.00999999046325684
0.0100960731506348
0.00999796390533447
0.0101050138473511
0.0100009441375732
0.0100539922714233
0.00975501537322998
0.0100380182266235
0.00990605354309082
0.0101629495620728
0.0100849866867065
0.00987005233764648
0.0103240013122559
0.0099560022354126
0.0102349519729614
0.00985395908355713
0.0100240707397461
0.00993800163269043
0.0102229118347168
0.00990509986877441
0.00999295711517334
0.00996601581573486
0.0101529359817505
0.0100640058517456
0.00988399982452393
0.0100719928741455
0.0103501081466675
0.00976288318634033
0.0101931095123291
0.00995898246765137
0.00996601581573486
0.010077953338623
0.010064959526062
0.0100010633468628
0.0102039575576782
0.0101959705352783
0.00989007949829102
0.00988197326660156
0.0100339651107788
0.0104230642318726
0.00970101356506348
0.0101339817047119
0.010016918182373
0.0104280710220337
0.0101050138473511
0.0099719762802124
0.00988495349884033
0.00998902320861816
0.0100389719009399
0.0101600885391235
0.00980496406555176
0.0100229978561401
0.010193943977356
0.00987100601196289
0.0101190805435181
0.0100589990615845
0.0103249549865723
0.00978803634643555
0.0103089809417725
0.0101380348205566
0.0102329254150391
0.00990104675292969
0.0099029541015625
0.010267972946167
0.00974905490875244
0.0101490020751953
0.0100580453872681
0.0100619792938232
0.00999999046325684
0.0101659297943115
0.0099480152130127
0.0100570917129517
0.0100209712982178
0.0101319551467896
0.0100400447845459
0.0100259780883789
0.00999593734741211
0.0101441144943237
0.00987493991851807
0.010140061378479
0.00998497009277344
0.0101039409637451
0.00995004177093506
0.010051965713501
0.0101380348205566
0.0100799798965454
0.00994300842285156
0.0100580453872681
0.010113000869751
0.0100259780883789
0.0100460052490234
0.0101180076599121
0.0098869800567627
0.0104539394378662
0.00970399379730225
0.0100671052932739
0.010003924369812
0.0104000568389893
0.00969898700714111
0.0101540088653564
0.0099179744720459
0.0104190111160278
0.00971901416778564
0.0101349353790283
0.00995397567749023
0.0100769996643066
0.00997209548950195
0.0101289749145508
0.0100820064544678
0.009971022605896
0.0100699663162231
0.01003098487854
0.0100409984588623
0.0101220607757568
0.0101819038391113
0.00984299182891846
0.00993609428405762
0.0101709365844727
0.0101430416107178
0.0098029375076294
0.00970208644866943
0.0106439590454102
0.00982403755187988
0.0101379156112671
0.00969207286834717
0.0104329586029053
0.00998806953430176
0.0103549957275391
0.00973594188690186
0.00976300239562988
0.010032057762146
0.0100299119949341
0.00998508930206299
0.010050892829895
0.0100480318069458
0.0103440284729004
0.00977003574371338
0.0100719928741455
0.0099029541015625
0.0104310512542725
0.0100069046020508
0.00979399681091309
0.0104430913925171
0.0101379156112671
0.00999307632446289
0.0105990171432495
0.00932395458221436
0.00978600978851318
0.0102399587631226
0.0102760791778564
0.00999093055725098
0.00968897342681885
0.0104280710220337
0.0101619958877563
0.00997793674468994
0.0101200342178345
0.0099790096282959
0.0100109577178955
0.00993907451629639
0.0102419853210449
0.0100339651107788
0.00992703437805176
0.010113000869751
0.0101369619369507
0.010280966758728
0.00974202156066894
0.0099940299987793
0.0100480318069458
0.010329008102417
0.00995397567749023
0.0100339651107788
0.00999605655670166
0.0104119777679443
0.00968301296234131
0.00990903377532959
0.0101289749145508
0.0103539228439331
0.00963699817657471
0.0100950002670288
0.00988602638244629
0.0103060007095337
0.00992405414581299
0.0100419521331787
0.0100060701370239
0.00998497009277344
0.0101249217987061
0.0099940299987793
0.0101860761642456
0.00955390930175781
0.0104800462722778
0.00995492935180664
0.0103040933609009
0.00977098941802978
0.010113000869751
0.0101230144500732
0.0102130174636841
0.00978994369506836
0.0104719400405884
0.00960409641265869
0.010132908821106
0.00993800163269043
0.0105550289154053
0.0095360279083252
0.0102449655532837
0.00990104675292969
0.00989294052124023
0.0101770162582397
0.00982308387756348
0.00999999046325684
0.0100929737091064
0.0100129842758179
0.0100040435791016
0.0100419521331787
0.010450005531311
0.0100020170211792
0.0103999376296997
0.00969803333282471
0.0100580453872681
0.0100789070129395
0.00999009609222412
0.0100429058074951
0.00999903678894043
0.0100769996643066
0.0101319551467896
0.0102550983428955
0.00977194309234619
0.0100170373916626
0.0101009607315063
0.010532021522522
0.0100079774856567
0.00955402851104736
0.0101070404052734
0.00996100902557373
0.0101668834686279
0.0100690126419067
0.00995099544525146
0.010004997253418
0.0100769996643066
0.0103480815887451
0.00975096225738525
0.0100170373916626
0.0100679397583008
0.0100040435791016
0.0100699663162231
0.0100090503692627
0.0101109743118286
0.0105830430984497
0.00959789752960205
0.00966203212738037
0.0105180740356445
0.00982999801635742
0.0100799798965454
0.0100269317626953
0.0101140737533569
0.009956955909729
0.0101000070571899
0.00998902320861816
0.0100430250167847
0.010051965713501
0.0100699663162231
